1	1	1	コールドスプレーを吹き付けた
2	1	0	水をぶっかけた
3	1	0	頭突き
4	1	0	銃を突きつけた
5	1	0	ハリセンで殴った
6	2	1	走ってきた
7	2	0	江ノ電で来た
8	2	0	歩いてきた
9	2	0	チャリで来た
10	2	0	新幹線で来た
11	3	1	スガ高
12	3	0	ハリ高
13	3	0	リュウ高
14	3	0	湘北高
15	3	0	海南高
16	4	1	体育館はきれいに使おう
17	4	0	練習中！入るな！
18	4	0	カギこわすな
19	4	0	バスケ部専用体育館
20	4	0	入館料１００円
21	5	1	竹の間
22	5	0	梅の間
23	5	0	松の間
24	5	0	森の間
25	5	0	スペシャルルーム
26	6	1	１３
27	6	0	１４
28	6	0	１５
29	6	0	１２
30	6	0	１１
31	7	1	まきこ
32	7	0	ゆうこ
33	7	0	れいこ
34	7	0	あきこ
35	7	0	せいこ
36	8	1	全日本ジュニアの合宿
37	8	0	神奈川オールスターの合宿
38	8	0	湘北バスケ部ｉｎ大阪合宿
39	8	0	アメリカ対日本戦・準備合宿
40	8	0	家業の修行合宿
41	9	1	桜木花道
42	9	0	流川楓
43	9	0	三井寿
44	9	0	宮城リョータ
45	9	0	桜木華道
46	10	1	チエコスポーツ
47	10	0	田中スポーツ店
48	10	0	チヨコスポーツ
49	10	0	チサコスポーツ
50	10	0	チホコスポーツ
51	11	1	・・・・ぴょん
52	11	0	・・・・ベシ
53	11	0	・・・・なのだ
54	11	0	・・・・なのら
55	11	0	・・・・だぜ
56	12	1	かーっかっか
57	12	0	はっはっは
58	12	0	ウホウホ
59	12	0	ケケケケケ
60	12	0	わはは
61	13	1	清田信長
62	13	0	牧紳一
63	13	0	花形透
64	13	0	沢北栄治
65	13	0	南烈
66	14	1	急性盲腸炎
67	14	0	ガン
68	14	0	関節結核
69	14	0	安西先生と同じ病気
70	14	0	心臓発作
71	15	1	南龍生堂
72	15	0	南調剤薬局
73	15	0	南薬局
74	15	0	ドラッグストア・南
75	15	0	シックキラー・南
76	16	1	晴子ちゃん
77	16	0	彩子ちゃん
78	16	0	葉子ちゃん
79	16	0	恵理ちゃん
80	16	0	茜ちゃん
81	17	1	ＳＬＡＭＤＵＮＫ
82	17	0	ＳＬＯＭＤＵＮＫ
83	17	0	ＳＬＡＭＤＡＮＫ
84	17	0	ＳＲＡＭＤＡＮＫ
85	17	0	すらむだんく
86	18	1	「ほっ。」
87	18	0	「うりゃあ！」
88	18	0	「シュウ！！」
89	18	0	「フェーイク！！」
90	18	0	「よし！」
91	19	1	諸星大
92	19	0	土屋敦
93	19	0	沢北栄治
94	19	0	名古屋城
95	19	0	きしめん
96	20	1	炎の男・三っちゃん
97	20	0	三井命
98	20	0	ＦＩＧＨＴＩＮＧＧＯＧＯ
99	20	0	元不良・三井寿
100	20	0	名シューター・三井寿
101	21	1	高宮
102	21	0	水戸
103	21	0	野間
104	21	0	晴子
105	21	0	安西先生
106	22	1	ちどり荘
107	22	0	みどり荘
108	22	0	じどり荘
109	22	0	おとり荘
110	22	0	ダンシング荘
111	23	1	広島デーブホテル
112	23	0	広島カープホテル
113	23	0	広島テープホテル
114	23	0	広島カーブホテル
115	23	0	広島スープホテル
116	24	1	ピキッ
117	24	0	パキッ
118	24	0	ポキッ
119	24	0	ポッキー
120	24	0	ドキッ
121	25	1	南
122	25	0	西
123	25	0	北
124	25	0	東
125	25	0	北東
126	26	1	仙道
127	26	0	花道
128	26	0	流川
129	26	0	三井
130	26	0	安西先生
131	27	1	鉄男
132	27	0	哲夫
133	27	0	哲雄
134	27	0	徹夫
135	27	0	徹男
136	28	1	天才ですから
137	28	0	湘北ファイオオ！！
138	28	0	俺って天才！！
139	28	0	俺もアメリカだ
140	28	0	全国制覇だ！！
141	29	1	無口で無愛想
142	29	0	明るくさわやか
143	29	0	おちゃめでシャイ
144	29	0	やさしい、いいこ
145	29	0	おとなしく、おっとり
146	30	1	流川  楓
147	30	0	桜木　花道
148	30	0	赤木  剛憲
149	30	0	宮城  リョ－タ
150	30	0	魚住  純
151	31	1	桜木、水戸、大楠、高宮、野間
152	31	0	桜木、田中、大熊、山本、鈴木
153	31	0	桜木、水戸、大玖、孝美、廼痲
154	31	0	桜木、流川、宮城、赤木、三井
155	31	0	桜木、水戸、大楠、高宮、野問
156	32	1	彩子
157	32	0	晴子
158	32	0	愛子
159	32	0	夢子
160	32	0	姫子
161	33	1	井上雄彦
162	33	0	井上孝弘
163	33	0	井上雄信
164	33	0	井上武志
165	33	0	井上貴行
166	34	1	三井さん
167	34	0	宮城さん
168	34	0	流川く～ん
169	34	0	おにいちゃん
170	34	0	フジイちゃん
171	35	1	月刊（週刊）バスケットボール
172	35	0	ＮＢＡファーストブレイク
173	35	0	バスケットニュース
174	35	0	ＮＢＡ　ＮＥＷＳ
175	35	0	場助倶楽部
176	36	1	ハリセン
177	36	0	ピコポンハンマー
178	36	0	日本刀
179	36	0	ライフル
180	36	0	アームストロング砲
181	37	1	４月１日
182	37	0	１月１日
183	37	0	２月１日
184	37	0	３月１日
185	37	0	５月１日
186	38	1	流川
187	38	0	花道
188	38	0	リョータ
189	38	0	彩ちゃん
190	38	0	シオ
191	39	1	対翔陽戦
192	39	0	対海南戦
193	39	0	対陵南戦（決勝リーグ）
194	39	0	対山王戦
195	39	0	対陵南戦（練習試合）
196	40	1	流川
197	40	0	花道
198	40	0	清田
199	40	0	藤真
200	40	0	Ｄｒ．Ｔ
201	41	1	牛乳
202	41	0	流川
203	41	0	雨
204	41	0	キソ練習
205	41	0	目立たないこと
206	42	1	「静かにしなさぁーい！！」
207	42	0	「声が小さァい！！」
208	42	0	「Ｇｏｏｄ！」
209	42	0	「何が言いたいか分かる？」
210	42	0	「そうそう、よしよし」
211	43	1	腕ひしぎ十字固め
212	43	0	空気投げ
213	43	0	一本背負い
214	43	0	背負い投げ
215	43	0	受け身
216	44	1	「ごめんなさい、桜木君」
217	44	0	「バスケットはお好きですか」
218	44	0	「ふんぬー！！」
219	44	0	「天才ですから」
220	44	0	「ズッコーン！！」
221	45	1	座高
222	45	0	体重
223	45	0	身長
224	45	0	視力
225	45	0	ない
226	46	1	ミッチー
227	46	0	流川
228	46	0	花道
229	46	0	リョータ
230	46	0	ゴリ
231	47	1	負けたことがないから
232	47	0	味方を信頼してないから
233	47	0	流川との勝負が楽しいから
234	47	0	パスさばきの自信がないから
235	47	0	目立ちたがり屋だから
236	48	1	魚住
237	48	0	流川
238	48	0	清田
239	48	0	花形
240	48	0	仙道
241	49	1	対陵南
242	49	0	対海南
243	49	0	対翔陽
244	49	0	対武里
245	49	0	対三浦台
246	50	1	北村総合病院
247	50	0	東村総合病院
248	50	0	南村総合病院
249	50	0	西村総合病院
250	50	0	総合病院
251	51	1	大川輝男
252	51	0	小川輝男
253	51	0	中川輝男
254	51	0	白川輝男
255	51	0	黒川輝男
256	52	1	ヘルメット
257	52	0	ケンカ
258	52	0	にんじん
259	52	0	禁煙
260	52	0	三井寿
261	53	1	２５ｃｍ
262	53	0	１ｃｍ
263	53	0	３ｃｍ
264	53	0	５ｃｍ
265	53	0	５.２ｃｍ
266	54	1	晴子－バスケをすること
267	54	0	流川－睡眠
268	54	0	仙道－釣り
269	54	0	桜木軍団－パチンコ
270	54	0	リョータ－アヤちゃん
271	55	1	藤真－控え君
272	55	0	清田－野ザル
273	55	0	牧－ジイ
274	55	0	福田－フク助
275	55	0	花形－メガネ
276	56	1	せいっ！
277	56	0	うらぁ！
278	56	0	ていやっ！
279	56	0	それっ！
280	56	0	どりゃあ！
281	57	1	悪者
282	57	0	悪党
283	57	0	敵
284	57	0	やられ役
285	57	0	正義の味方
286	58	1	中村
287	58	0	大村
288	58	0	田村
289	58	0	川村
290	58	0	三村
291	59	1	タバコ
292	59	0	ケンカ
293	59	0	お酒
294	59	0	ギャンブル
295	59	0	無断欠席
296	60	1	ピアス
297	60	0	パアス
298	60	0	プアス
299	60	0	ペアス
300	60	0	ポアス
301	61	1	新聞の勧誘
302	61	0	ヤクルトのおばさん
303	61	0	宅配便
304	61	0	宗教の勧誘
305	61	0	ガスの集金
306	62	1	２８
307	62	0	２７
308	62	0	２９
309	62	0	２６
310	62	0	２４
311	63	1	闘魂
312	63	0	常勝
313	63	0	勇猛果敢
314	63	0	飛翔
315	63	0	努力
316	64	1	安西先生不在
317	64	0	選手層が薄い
318	64	0	ファウルトラブル
319	64	0	ディフェンスが弱い
320	64	0	素人・桜木
321	65	1	板前
322	65	0	歌舞伎役者
323	65	0	畳屋
324	65	0	庭師
325	65	0	陶芸家
326	66	1	流川
327	66	0	リョータ
328	66	0	ミッチー
329	66	0	晴子さん
330	66	0	彩子さん
331	67	1	週刊少年ジャンプ
332	67	0	週刊少年サンデー
333	67	0	週刊少年マガジン
334	67	0	Ｖジャンプ
335	67	0	月刊バスケットボール
336	68	1	一ツ橋
337	68	0	六本木
338	68	0	赤坂
339	68	0	練馬
340	68	0	銀座
341	69	1	福田
342	69	0	花道
343	69	0	清田
344	69	0	リョータ
345	69	0	安西先生
346	70	1	８
347	70	0	５
348	70	0	４
349	70	0	７
350	70	0	６
351	71	1	フェイク
352	71	0	ダンク
353	71	0	レイアップ
354	71	0	パス
355	71	0	シュート
356	72	1	俺は日本一
357	72	0	明日は絶対勝つ
358	72	0	全国制覇
359	72	0	打倒・仙道
360	72	0	晴子ちゃん・・・
361	73	1	仙道
362	73	0	桜木
363	73	0	流川
364	73	0	魚住
365	73	0	赤木
366	74	1	１０円玉
367	74	0	１００円玉
368	74	0	パチンコの玉
369	74	0	５円玉
370	74	0	５００円玉
371	75	1	桜木 花道
372	75	0	仙道 彰
373	75	0	藤真 健司
374	75	0	流川 楓
375	75	0	木暮 公延
376	76	1	両目を閉じた
377	76	0	無理矢理目をこじあけた
378	76	0	花道に助太刀してもらった
379	76	0	リバウンドを狙って打った
380	76	0	遠近感の無いまま打った
381	77	1	相手のユニフォームを引っ張る
382	77	0	「あー！ＵＦＯだ！」と叫ぶ
383	77	0	花道必殺・頭突きを使う
384	77	0	リョータに跳び蹴りしてもらう
385	77	0	空中でこっそり蹴飛ばす
386	78	1	右４５°
387	78	0	左３０°
388	78	0	真正面
389	78	0	右６５°
390	78	0	左４５°
391	79	1	はえたたき
392	79	0	レッグスルー
393	79	0	ダブルクラッチダンク
394	79	0	ペネトレイト
395	79	0	ガラス割り
396	80	1	ペネトレイト
397	80	0	レッグスルー
398	80	0	テクニック無し
399	80	0	ノーフェイスパス
400	80	0	フェイク
401	81	1	ラン＆ガン
402	81	0	スプレッド
403	81	0	ハイ・ロー
404	81	0	安西フォーメーション
405	81	0	「速攻！」と言って走り攻め
406	82	1	オールコートディフェンス
407	82	0	フルコートディフェンス
408	82	0	ハーフコートディフェンス
409	82	0	２回転ディフェンス
410	82	0	「わー」と叫びディフェンス
411	83	1	ポイントガードのこと
412	83	0	１番足の速い人のこと
413	83	0	そのチームのエースのこと
414	83	0	ダンクシュートのこと
415	83	0	スティールしたボールのこと
416	84	1	空中でボールを取り、ダンク
417	84	0	バックジャンプしてシュート
418	84	0	ドリブルのペースを変える
419	84	0	シュートのふりをすること
420	84	0	ボールをうばうこと
421	85	1	ダブルクラッチ
422	85	0	レッグスルー
423	85	0	フェイダウェイ
424	85	0	ノーフェイスパス
425	85	0	ダンク・・・じゃないよー
426	86	1	ポイントガード
427	86	0	シューティングガード
428	86	0	スモールフォワード
429	86	0	パワーフォワード
430	86	0	センター
431	87	1	トラベリング
432	87	0	テクニカルファウル
433	87	0	ダブルドリブル
434	87	0	プッシング
435	87	0	スラムッダーンク！！！
436	88	1	花形
437	88	0	仙道
438	88	0	花道
439	88	0	流川
440	88	0	高野
441	89	1	ジェイ・ネイスミス博士
442	89	0	バスケット・ボール博士
443	89	0	マイケル・アンダーソン博士
444	89	0	ジェフ・ダーレン博士
445	89	0	サム・ドロン博士
446	90	1	腕ひしぎ十字固め
447	90	0	空気投げ
448	90	0	一本背負い
449	90	0	背負い投げ
450	90	0	受け身
451	91	1	ダブルクラッチダンク
452	91	0	フェイダウェイ
453	91	0	レッグスルー
454	91	0	ダブルクラッチ
455	91	0	スリーポイントシュート
456	92	1	仙道君を使う
457	92	0	ディフェンスをマンツーに
458	92	0	タイムアウトをとる
459	92	0	失敗する
460	92	0	速攻で攻める
461	93	1	スクリーンアウト
462	93	0	リバウンド
463	93	0	押し出し
464	93	0	インターセプト
465	93	0	ディナイ
466	94	1	リングの奥
467	94	0	リングの手前
468	94	0	ネット
469	94	0	バックボード
470	94	0	ボール
471	95	1	海南大附属
472	95	0	湘北
473	95	0	翔陽
474	95	0	武里
475	95	0	なったことはない
476	96	1	フリースロー
477	96	0	リバウンド
478	96	0	庶民シュート
479	96	0	フェイク
480	96	0	基礎技術
481	97	1	木暮
482	97	0	流川
483	97	0	花道
484	97	0	ゴリ
485	97	0	ヤス
486	98	1	パス
487	98	0	シュート
488	98	0	フェイク
489	98	0	ピボット
490	98	0	リバウンド
491	99	1	ドリブル
492	99	0	ドリル
493	99	0	ドクター
494	99	0	ドリプル
495	99	0	トリブル
496	100	1	へなちょこシュート
497	100	0	庶民シュート
498	100	0	合宿シュート
499	100	0	顔面シュート
500	100	0	ヘボシュート
501	101	1	レモン
502	101	0	みかん
503	101	0	りんご
504	101	0	もも
505	101	0	いちご
506	102	1	ＰＥＡＣＥ
507	102	0	ＰＩＥＣＥ
508	102	0	ＰＨＡＮＴＯＭ
509	102	0	ＰＬＡＮ
510	102	0	ＰＥＮ
511	103	1	秘伝ちどり鍋
512	103	0	元祖猪鍋
513	103	0	きじ鍋
514	103	0	川魚料理
515	103	0	鴨鍋
516	104	1	カレーライス
517	104	0	カツ丼大盛り
518	104	0	コロッケ
519	104	0	ラーメン
520	104	0	ホイコーロー
521	105	1	ラーメン
522	105	0	チャンポン
523	105	0	シチュー
524	105	0	うどん
525	105	0	そば
526	106	1	サンドイッチ
527	106	0	おにぎり
528	106	0	焼きうどん
529	106	0	ホットケーキ
530	106	0	卵焼き
531	107	1	コーラ
532	107	0	オレンジジュース
533	107	0	コーヒー
534	107	0	紅茶
535	107	0	お茶
536	108	1	ジュース
537	108	0	コーヒー
538	108	0	お茶
539	108	0	牛乳
540	108	0	安西家秘伝特製アップルティー
541	109	1	バナナ
542	109	0	いちご
543	109	0	リンゴ
544	109	0	みかん
545	109	0	スイカ
546	110	1	魚
547	110	0	ご飯
548	110	0	パン
549	110	0	牛肉
550	110	0	豆腐
551	111	1	うどん
552	111	0	カレーライス
553	111	0	ラーメン
554	111	0	焼きうどん
555	111	0	コロッケ
556	112	1	２００円
557	112	0	１２０円
558	112	0	３００円
559	112	0	４２０円
560	112	0	１００円
561	113	1	ツケなので、払っていない。
562	113	0	１５００円
563	113	0	３２０円
564	113	0	５７０円
565	113	0	８９０円
566	114	1	納豆
567	114	0	豆腐
568	114	0	醤油
569	114	0	味噌
570	114	0	ショートケーキ
571	115	1	焼きうどん
572	115	0	焼きそば
573	115	0	たこ焼き
574	115	0	お好み焼き
575	115	0	チャーハン
576	116	1	温かい日本茶
577	116	0	鳥龍茶
578	116	0	コーヒー
579	116	0	ジュース
580	116	0	ビール
581	117	1	ラーメン屋
582	117	0	うどん屋
583	117	0	寿司屋
584	117	0	ファミリーレストラン
585	117	0	超高級５ツ星レストラン
586	118	1	ひよこ（お菓子）
587	118	0	千鳥饅頭
588	118	0	文明堂のカステラ
589	118	0	八ツ橋
590	118	0	おたべ
591	119	1	バナナ
592	119	0	リンゴ
593	119	0	ミカン
594	119	0	モモ
595	119	0	お中元のジュースセット
596	120	1	カレーライス
597	120	0	パフェ
598	120	0	サンドイッチ
599	120	0	ハンバーグ
600	120	0	コロッケ
601	121	1	「大盛り」
602	121	0	「炊飯器丸ごとくれ」
603	121	0	「お前も食え」
604	121	0	「通常の３倍たのむぞ」
605	121	0	「もう食いたくない」
606	122	1	アクエリアス
607	122	0	ポカリスエット
608	122	0	ゲータレード
609	122	0	鳥龍茶
610	122	0	コーラ
611	123	1	きしめん
612	123	0	うどん
613	123	0	そうめん
614	123	0	ラーメン
615	123	0	そば
616	124	1	森川智之
617	124	0	林原めぐみ
618	124	0	桜井　智
619	124	0	置鮎龍太郎
620	124	0	佐々木望
621	125	1	西村知道
622	125	0	大塚芳忠
623	125	0	塩屋　翼
624	125	0	川津泰彦
625	125	0	塩屋浩三
626	126	1	大塚　芳忠
627	126	0	石塚　運昇
628	126	0	草尾　毅
629	126	0	置鮎龍太郎
630	126	0	あああ・
631	127	1	４枚
632	127	0	３枚
633	127	0	５枚
634	127	0	１枚
635	127	0	２枚
636	128	1	塩屋 翼
637	128	0	緑川 光
638	128	0	山口 勝平
639	128	0	置鮎 龍太郎
640	128	0	子安 武人
641	129	1	原 えりこ
642	129	0	平松 晶子
643	129	0	桜井 智
644	129	0	井上 喜久子
645	129	0	富永 みーな
646	130	1	ＺＡＲＤ
647	130	0	Ｂ’ｚ
648	130	0	ＷＡＮＤＳ
649	130	0	Ｍｒ．Ｃｈｉｌｄｒｅｎ
650	130	0	ＤＥＥＮ
651	131	1	Ｂ’ｚ
652	131	0	ＺＡＲＤ
653	131	0	ＺＹＹＧ
654	131	0	ＷＡＮＤＳ
655	131	0	大黒摩季
656	132	1	桜木君
657	132	0	Ｏｈ！ｂｏｙ
658	132	0	ぜったいに 誰も
659	132	0	きらめく瞬間に捕らわれて
660	132	0	Ｆｒｏｍ Ａｋａｇｉ
661	133	1	ギザギザハートの子守歌
662	133	0	タイムマシーン
663	133	0	ハートブレイク
664	133	0	ＺＥＲＯ
665	133	0	与作
666	134	1	世界が終るまでは・・・
667	134	0	あなただけ見つめてる
668	134	0	マイ フレンド
669	134	0	きらめく瞬間に捕らわれて
670	134	0	ぜったいに誰も
671	135	1	草尾 毅
672	135	0	置鮎龍太郎
673	135	0	緑川 光
674	135	0	塩屋 翼
675	135	0	子安武人
676	136	1	地獄先生ぬーべー
677	136	0	みどりのマキバオー
678	136	0	セーラースターズ
679	136	0	バケツでごはん
680	136	0	名探偵コナン
681	137	1	置鮎龍太郎
682	137	0	草尾毅
683	137	0	稲葉浩志
684	137	0	上杉昇
685	137	0	緑川光
686	138	1	「きらめく瞬間に捕らわれて」
687	138	0	「世界が終るまでは・・・」
688	138	0	「あなただけ見つめてる」
689	138	0	「マイフレンド」
690	138	0	「君が好きだと叫びたい」
691	139	1	「最初で最後のLOVESONG」
692	139	0	「Just a Lonely Boy」
693	139	0	「目覚めた朝は・・・」
694	139	0	「白く染まれ」
695	139	0	「恋はメリーゴーランド」
696	140	1	昔みたいに
697	140	0	あなたみたいに
698	140	0	大きな声で
699	140	0	上品ぶって
700	140	0	あんまりたくさん
701	141	1	一人
702	141	0	嫌い
703	141	0	すてき
704	141	0	苦しく
705	141	0	苦痛
706	142	1	離れる
707	142	0	別れる
708	142	0	泣く
709	142	0	死ぬ
710	142	0	苦しむ
711	143	1	時間
712	143	0	空気
713	143	0	川
714	143	0	心
715	143	0	人
716	144	1	緑川　光
717	144	0	佐々木　望
718	144	0	高山　みなみ
719	144	0	結城　比呂
720	144	0	山口  勝平
721	145	1	天才ーバスケットマーン
722	145	0	勝利をー呼ぶ男ー
723	145	0	スーパープレイヤー
724	145	0	天使の男ー
725	145	0	超スーパープレイヤー
726	146	1	木暮
727	146	0	桜木
728	146	0	流川
729	146	0	赤木
730	146	0	三井
731	147	1	リスクハンター
732	147	0	刑事
733	147	0	スリ名人
734	147	0	殺し屋
735	147	0	探偵
736	148	1	２－Ｆ
737	148	0	１－Ａ
738	148	0	３－Ｂ
739	148	0	２－２
740	148	0	１－５
741	149	1	目の下のホクロ
742	149	0	髪の色
743	149	0	肌の色
744	149	0	まつげの長さ
745	149	0	口の大きさ
746	150	1	ネコ
747	150	0	りんご
748	150	0	チェリー
749	150	0	８分音符
750	150	0	うさぎ
751	151	1	古代エンカ帝国
752	151	0	イギリス
753	151	0	宋
754	151	0	高句麗
755	151	0	百済
756	152	1	シャル探偵事務所
757	152	0	私が探しましょうか？
758	152	0	シャル情報局
759	152	0	シャル警察署
760	152	0	シャル刑事・探偵派出所
761	153	1	ニューヨーク
762	153	0	ロサンジェルス
763	153	0	カリフォルニア
764	153	0	シカゴ
765	153	0	ジョージア
766	154	1	心臓
767	154	0	肺
768	154	0	腎臓
769	154	0	肝臓
770	154	0	脳
771	155	1	カスタム
772	155	0	カストム
773	155	0	カストマ
774	155	0	カスタン
775	155	0	カスタミ
776	156	1	楓・パープル
777	156	0	赤が好き
778	156	0	カメレオン・ジェイル
779	156	0	ＪＯＲＤＡＮみてーに
780	156	0	スーパーミラクルダンク
781	157	1	陶芸家
782	157	0	画家
783	157	0	ピアニスト
784	157	0	ロックスター
785	157	0	ハリウッド女優
786	158	1	北高
787	158	0	南高
788	158	0	西高
789	158	0	東高
790	158	0	湘北高
791	159	1	リンリン
792	159	0	ランラン
793	159	0	ルンルン
794	159	0	ロンロン
795	159	0	レンレン
796	160	1	チョチョリーナ
797	160	0	シャル
798	160	0	エリザベス
799	160	0	ロッテンマイア
800	160	0	スカリー
801	161	1	クラ
802	161	0	サラ
803	161	0	ウラ
804	161	0	トラ
805	161	0	ミラ
806	162	1	他人の性別を変える
807	162	0	０・５秒で地球一周
808	162	0	手足が伸びる
809	162	0	１円玉を５００枚立てられる
810	162	0	相手の心理を読める
811	163	1	スシバーのにーちゃん
812	163	0	三河屋（酒屋）の店員
813	163	0	新聞配達
814	163	0	占い師
815	163	0	散髪屋のバイト
816	164	1	「にぎり１０人前」
817	164	0	「ウォッカ１０本」
818	164	0	「新聞お願いします」
819	164	0	「手相見てください」
820	164	0	「赤のメッシュ」
821	165	1	約１０時５０分
822	165	0	約２時３０分
823	165	0	約９時５０分
824	165	0	約１１時３０分
825	165	0	約１時１０分
826	166	1	流・川・楓
827	166	0	ＲＵ・ＫＡ・ＷＡ
828	166	0	流・川・命
829	166	0	カ・エ・デ
830	166	0	ル・カ・ワ
831	167	1	１０
832	167	0	２３
833	167	0	１
834	167	0	７
835	167	0	１５
836	168	1	２９巻１２４ページ
837	168	0	１２巻２１ページ
838	168	0	４巻１１１ページ
839	168	0	３１巻２４３ページ
840	168	0	２３巻７８ページ
841	169	1	天上天下唯我独尊男
842	169	0	天地天下唯我独尊男
843	169	0	天上天下唯我独尊野郎
844	169	0	天上地獄唯我独尊男
845	169	0	天国地獄唯我独尊男
846	170	1	借りは即返さねばならない
847	170	0	Ｏ．Ｒ．
848	170	0	スピードスター
849	170	0	ああああああ・
850	170	0	清田君
851	171	1	高畑
852	171	0	津久武
853	171	0	翔陽
854	171	0	陵南
855	171	0	山王
856	172	1	清田信長
857	172	0	桜木花道
858	172	0	神宗一郎
859	172	0	流川楓
860	172	0	岸本実理
861	173	1	自転車通学は禁止
862	173	0	赤点が多いとＩＨに行けない
863	173	0	髪の毛の染色は禁止
864	173	0	原チャリの４人乗りは禁止
865	173	0	部活勧誘期間が決まってない
866	174	1	三井寿
867	174	0	流川楓
868	174	0	宮城リョータ
869	174	0	桜木花道
870	174	0	仙道彰
871	175	1	新大阪
872	175	0	大阪
873	175	0	名古屋
874	175	0	平塚
875	175	0	歩いて行った。
876	176	1	どあほう・・・実力だ。
877	176	0	夢みさせるような事言うな！
878	176	0	俺は三年だから・・・。
879	176	0	ぶっ潰してやるよ。
880	176	0	宮城リョータっていうんだ。
881	177	1	心臓
882	177	0	肝臓
883	177	0	肺
884	177	0	腎臓
885	177	0	頭
886	178	1	三井
887	178	0	流川
888	178	0	藤真
889	178	0	仙道
890	178	0	神
891	179	1	左手はそえるだけ・・・
892	179	0	流川、俺にパスだ！！
893	179	0	置いてくる！
894	179	0	俺が決めてやる！！
895	179	0	パアース！！
896	180	1	流川
897	180	0	宮城
898	180	0	赤木
899	180	0	三井
900	180	0	桜木
901	181	1	ケンジ君
902	181	0	タロー君
903	181	0	イチロー君
904	181	0	ジロー君
905	181	0	シンタ君
906	182	1	海南大付属
907	182	0	湘北
908	182	0	担保歩
909	182	0	ウルフルズ
910	182	0	倉一歩
911	183	1	湘北
912	183	0	陵南
913	183	0	翔陽
914	183	0	海南大付属
915	183	0	三浦台
916	184	1	パワータイツ
917	184	0	ブルマ
918	184	0	短パン
919	184	0	ハーフパンツ
920	184	0	稲葉浩志特製短パン
921	185	1	他称
922	185	0	人称
923	185	0	対称
924	185	0	追称
925	185	0	流川称
926	186	1	花形
927	186	0	仙道
928	186	0	花道
929	186	0	流川
930	186	0	高野
931	187	1	桑田
932	187	0	安田
933	187	0	流川
934	187	0	三井
935	187	0	宮城
936	188	1	プール
937	188	0	テニスコート
938	188	0	バスケのリング
939	188	0	給水タンク
940	188	0	発電器
941	189	1	１４回
942	189	0	１３回
943	189	0	１２回
944	189	0	１１回
945	189	0	１５回
946	190	1	知性
947	190	0	感性
948	190	0	爆発力
949	190	0	根性
950	190	0	やる気
951	191	1	クーラー
952	191	0	ファックス
953	191	0	ビデオデッキ
954	191	0	両替機
955	191	0	電話
956	192	1	９点
957	192	0	３０点
958	192	0	７点
959	192	0	１４点
960	192	0	３６点
961	193	1	３時２分
962	193	0	２時５８分
963	193	0	３時２７分
964	193	0	１時４０分
965	193	0	２時３９分
966	194	1	６月２３日
967	194	0	６月２４日
968	194	0	６月２２日
969	194	0	６月２１日
970	194	0	６月２９日
971	195	1	１０時１０分
972	195	0	７時１０分
973	195	0	８時１０分
974	195	0	９時１０分
975	195	0	９時３０分
976	196	1	９番
977	196	0	１番
978	196	0	７番
979	196	0	５番
980	196	0	６番
981	197	1	馬宮西（岩手）
982	197	0	青鳳（宮崎）
983	197	0	道後大附属（愛媛）
984	197	0	角鶴（香川）
985	197	0	岩清水（北海道）
986	198	1	１５０００円
987	198	0	無料
988	198	0	１００００円
989	198	0	１００万円
990	198	0	１００円
991	199	1	分からない
992	199	0	３８回
993	199	0	１８回
994	199	0	５７回
995	199	0	８９回
996	200	1	白
997	200	0	黒
998	200	0	水色
999	200	0	赤
1000	200	0	黄色
1001	201	1	１０時
1002	201	0	９時
1003	201	0	２４時間営業
1004	201	0	９時半
1005	201	0	１１時
1006	202	1	新聞配達
1007	202	0	八百屋
1008	202	0	ラーメン屋
1009	202	0	コンビニのレジ係
1010	202	0	自動車整備工場
1011	203	1	はなみっちゃん
1012	203	0	花ちゃん
1013	203	0	ハナミチ
1014	203	0	桜木君
1015	203	0	サクラ
1016	204	1	３本
1017	204	0	０本
1018	204	0	１本
1019	204	0	２０本
1020	204	0	４本
1021	205	1	４２
1022	205	0	２３
1023	205	0	１０
1024	205	0	２７
1025	205	0	１９９６
1026	206	1	１９９４年１１月９日
1027	206	0	１９９６年８月１３日
1028	206	0	１９９５年３月２９日
1029	206	0	１９９４年２月２６日
1030	206	0	１９９５年９月３日
1031	207	1	全日本女子・中国を破る
1032	207	0	’９４年のプロ野球
1033	207	0	Ｍジョーダン最後の試合
1034	207	0	習字、初段にあがる
1035	207	0	『衰え』について
1036	208	1	＃１８６
1037	208	0	＃１８７
1038	208	0	＃１８８
1039	208	0	＃１８９
1040	208	0	＃１９０
1041	209	1	おお・・・カタい・・・
1042	209	0	髪の毛、きれいっすね。
1043	209	0	変な髪型・・・
1044	209	0	なぜ髪を立たせる・・・
1045	209	0	君、背低いね
1046	210	1	オーマップ
1047	210	0	ウォーアップ
1048	210	0	ウォームマップ
1049	210	0	オーマプ
1050	210	0	ウォーマップ
1051	211	1	レッドヤンキー桜木
1052	211	0	レッドモンキー桜木
1053	211	0	レッドヤンマー桜木
1054	211	0	レッドサンマ桜木
1055	211	0	赤い猿
1056	212	1	敗者はただ去るのみ
1057	212	0	ちくしょおー！
1058	212	0	おれ、バスケ部をやめます
1059	212	0	もう一回勝負だ！
1060	212	0	勝負しろい
1061	213	1	手がすべった
1062	213	0	わりぃ
1063	213	0	ちんたら練習してんじゃねえ
1064	213	0	小学生かてめーは
1065	213	0	おれの手本をよく見てろ
1066	214	1	アメとムチ
1067	214	0	自称天才・他称天才
1068	214	0	彩子のハリセン
1069	214	0	ゴリラダンク
1070	214	0	安西先生
1071	215	1	ああっ！見るな！
1072	215	0	リョータ、いけえー！
1073	215	0	試合中よそ見すんじゃねー！
1074	215	0	あ、リョータ、ボール・・・
1075	215	0	うっそだよーん
1076	216	1	おはよ
1077	216	0	おはよう
1078	216	0	桜木君
1079	216	0	努力家なのね、桜木君って。
1080	216	0	レイアップの練習？
1081	217	1	いーけど・・・
1082	217	0	イヤダ
1083	217	0	どあほう
1084	217	0	またか、何であんな奴のために
1085	217	0	まったく・・・
1086	218	1	チュース！
1087	218	0	ワリィ
1088	218	0	おーサンキュー、彦一
1089	218	0	さあいこーか
1090	218	0	すいません先生
1091	219	1	（速攻でまっさきに）走ること
1092	219	0	３点シュート
1093	219	0	背の高さを使うこと
1094	219	0	リバウンドをとること
1095	219	0	メンバーを励ますこと
1096	220	1	やだよ、カッコワリイ
1097	220	0	俺はバスケットをやる
1098	220	0	おれはバスケットマンだ
1099	220	0	柔道なんてやると短足になるぞ
1100	220	0	疲れるからヤダ
1101	221	1	スラムダッシュ
1102	221	0	スラムタンク
1103	221	0	スラムダンス
1104	221	0	巣羅無騨琥
1105	221	0	スラムテング
1106	222	1	玉入れアソビ部
1107	222	0	ゴリ部
1108	222	0	篭球部
1109	222	0	県立湘北高等学校バスケット部
1110	222	0	青春してる部
1111	223	1	バスケットは好きか？南よ
1112	223	0	楽しそうにやっとるわ
1113	223	0	流川君に負けとるで、南。
1114	223	0	エースキラー南・・・
1115	223	0	南君、ガンバッテ！
1116	224	1	調子こいとるべ？
1117	224	0	てんぐになっとるべ？
1118	224	0	優越感 感じとるべ？
1119	224	0	俺達馬鹿にしとるべ？
1120	224	0	ふざけとるべ？
1121	225	1	でけー
1122	225	0	おお・・・
1123	225	0	赤木さんよりでかいぞ！
1124	225	0	ボス猿
1125	225	0	ビッグジュン
1126	226	1	あの・・・
1127	226	0	バスケットはお好きですか？
1128	226	0	うわあ、凄い筋肉！
1129	226	0	流川君・・・。
1130	226	0	スポーツマンなんですね！
1131	227	1	がんばりんさいよ～
1132	227	0	がんばってねー
1133	227	0	ガンバ！Ｆｌｙ ｈｉｇｈ
1134	227	0	勝ってかえってきてね
1135	227	0	まけろまけろまけろまけろ
1136	228	1	スラムダンク
1137	228	0	スーパーダンク
1138	228	0	ミラクルダンク
1139	228	0	ダンク
1140	228	0	超ダンク
1141	229	1	チームを日本一に導く選手
1142	229	0	沢北のような選手
1143	229	0	みんなをまとめられる選手
1144	229	0	頭のいい選手
1145	229	0	チームを盛り上げる選手
1146	230	1	デコボココンビ
1147	230	0	ミツリョーコンビ
1148	230	0	寿＆リョータ
1149	230	0	モテない２人
1150	230	0	仲良しコンビ
1151	231	1	勇気
1152	231	0	持って生まれた才能
1153	231	0	度胸
1154	231	0	根性
1155	231	0	顔
1156	232	1	算数
1157	232	0	英語
1158	232	0	理科
1159	232	0	社会
1160	232	0	音楽
1161	233	1	ヤマオー
1162	233	0	陵南
1163	233	0	仙道
1164	233	0	おまえ
1165	233	0	天才
1166	234	1	あきらめ
1167	234	0	運
1168	234	0	頭
1169	234	0	目
1170	234	0	性格
1171	235	1	三井
1172	235	0	八百屋
1173	235	0	木暮
1174	235	0	魚住
1175	235	0	旦那
1176	236	1	チャンス
1177	236	0	宝
1178	236	0	機会
1179	236	0	人形
1180	236	0	人生
1181	237	1	さあ
1182	237	0	ゲーセン
1183	237	0	釣りに
1184	237	0	トイレ
1185	237	0	買物
1186	238	1	エース
1187	238	0	トップ
1188	238	0	ナンバー１
1189	238	0	キャプテン
1190	238	0	犯人
1191	239	1	気合い
1192	239	0	根性
1193	239	0	力
1194	239	0	愛情
1195	239	0	しっかり
1196	240	1	ああーっ！！
1197	240	0	おおー！！
1198	240	0	ええー！！
1199	240	0	うそお！？
1200	240	0	うおー！！
1201	241	1	うるせえっ！！
1202	241	0	なんだと！？
1203	241	0	ふざけんな！！
1204	241	0	静かにしてろ！！
1205	241	0	だまれ！！
1206	242	1	男
1207	242	0	女
1208	242	0	ポイントガード
1209	242	0	ザコ
1210	242	0	馬鹿
1211	243	1	北野
1212	243	0	藤井
1213	243	0	安西
1214	243	0	高頭
1215	243	0	田岡
1216	244	1	たっけえー！
1217	244	0	すっげえー！
1218	244	0	でっけえー！
1219	244	0	はいんねー！
1220	244	0	ナイッシュー！
1221	245	1	ゴリ。
1222	245	0	ＷＨＹ・・・
1223	245	0	同点だから延長戦。
1224	245	0	勝負しろい。
1225	245	0	さあ行こうか。
1226	246	1	乗車券みせてや。
1227	246	0	はじめまして、ウフ。
1228	246	0	なんや、お前。
1229	246	0	みえへんかったわ。
1230	246	0	グーッドモーニーングー！
1231	247	1	流川
1232	247	0	三井
1233	247	0	清田
1234	247	0	宮城
1235	247	0	Ｋｅｎ　Ｉｋｅｄａ
1236	248	1	ボシュウするな
1237	248	0	おい！
1238	248	0	ずっこーん
1239	248	0	くそ・・・。
1240	248	0	いらん！
1241	249	1	バフケがひたいでふ
1242	249	0	入れ歯はポリデント
1243	249	0	パプケかぴぱいぺぷ
1244	249	0	サッカーがしたいです
1245	249	0	パパパパパパパパパ
1246	250	1	「ごめんなさい、桜木君」
1247	250	0	「バスケットは好きですか」
1248	250	0	「ふんぬー！！」
1249	250	0	「天才ですから」
1250	250	0	「ズッコーン！！」
1251	251	1	流川に負ける気がしない
1252	251	0	上手になる気がしない
1253	251	0	日本一になる気がしない
1254	251	0	牧サンに勝つ気がしない
1255	251	0	バスケをやめる気がしない
1256	252	1	心臓が止まる
1257	252	0	天井が破れる
1258	252	0	患者さんが迷惑
1259	252	0	賞状が破れる
1260	252	0	バスケ部が潰れる
1261	253	1	下手糞・上級者
1262	253	0	湘北・日本一
1263	253	0	桜木・リバウンダー
1264	253	0	ミッチー・名シューター
1265	253	0	リョーちん・神奈川一
1266	254	1	土屋淳
1267	254	0	南烈
1268	254	0	岸本実理
1269	254	0	板倉大二郎
1270	254	0	相田彦一
1271	255	1	ドリブル
1272	255	0	シュート
1273	255	0	ジャンプ力
1274	255	0	スティール
1275	255	0	ブロック
1276	256	1	あ！？
1277	256	0	もうくんなよ
1278	256	0	来年は全国制すゼ・・・！
1279	256	0	安西先生・・・。
1280	256	0	フッ
1281	257	1	もう俺は腕も上がんねーのによ
1282	257	0	俺にはシュート打つ体力はねぇ
1283	257	0	俺の３点も終わったのかもな
1284	257	0	もう俺達に勝機はねぇんだよ
1285	257	0	ちくしょう、走れねぇ！
1286	258	1	受けてやる
1287	258	0	こい
1288	258	0	フ・・・
1289	258	0	やってみな
1290	258	0	うるせぇっ！
1291	259	1	天才
1292	259	0	一番おまえが最強ナンバー１
1293	259	0	ディフェンス気をつけろ
1294	259	0	ダンク行け
1295	259	0	地獄へおち
1296	260	1	３倍
1297	260	0	２倍
1298	260	0	１０倍
1299	260	0	１００倍
1300	260	0	１００００００００００００倍
1301	261	1	もうケンカはしないかね？
1302	261	0	三井君、君がいてよかった
1303	261	0	ケンカはしないで下さい
1304	261	0	君がケガしては困る
1305	261	0	名シューターにケガは大敵
1306	262	1	逆境にあるとき
1307	262	0	３ポイントがよく入るとき
1308	262	0	宿題が山のようにあるとき
1309	262	0	疲労が度を超えているとき
1310	262	0	頑張ってもダメなとき
1311	263	1	ルーキー先生
1312	263	0	キーステーション
1313	263	0	痛快ウキウキ通り
1314	263	0	新人先生
1315	263	0	ウキウキワクワク
1316	264	1	カベ
1317	264	0	化け物
1318	264	0	天才
1319	264	0	赤木
1320	264	0	神様
1321	265	1	ＥＡＳＹだな
1322	265	0	ＨＡＲＤだな
1323	265	0	ＳＯＦＴだな
1324	265	0	ＬＯＳＥＲだな
1325	265	0	ＷＩＮＮＥＲだな
1326	266	1	おおおおおおお
1327	266	0	うわぁ～～～！
1328	266	0	ウホウホウホウホ
1329	266	0	ギャァアァ～！
1330	266	0	あーーーーー！
1331	267	1	倒される訳にはいかないこと
1332	267	0	チームを盛り上げること
1333	267	0	モテること
1334	267	0	メンバーに頼られること
1335	267	0	優しくなければならないこと
1336	268	1	安西先生不在
1337	268	0	選手層が薄い
1338	268	0	ファウルトラブル
1339	268	0	ディフェンスが弱い
1340	268	0	素人・桜木
1341	269	1	土屋淳
1342	269	0	南烈
1343	269	0	諸星大
1344	269	0	森重寛
1345	269	0	沢北栄治
1346	270	1	最強コンビ
1347	270	0	美形コンビ
1348	270	0	強暴コンビ
1349	270	0	馬鹿コンビ
1350	270	0	仲良しコンビ
1351	271	1	う～・・・
1352	271	0	１年１０組流川楓だ
1353	271	0	どあほう
1354	271	0	バスケットはお好きですか
1355	271	0	桜木か、あんにゃろう・・・
1356	272	1	陵南高校前
1357	272	0	江ノ島
1358	272	0	湘南
1359	272	0	横浜
1360	272	0	平塚
1361	273	1	中学入学の時
1362	273	0	小学６年生の２学期
1363	273	0	高校１年のＩＨの前日
1364	273	0	まだ負かしてない
1365	273	0	小学４年の夏休み
1366	274	1	１２人
1367	274	0	５人
1368	274	0	１人
1369	274	0	３人
1370	274	0	１７人
1371	275	1	嶋編集長
1372	275	0	田中編集長
1373	275	0	執行編集長
1374	275	0	藤野編集長
1375	275	0	花泉編集長
1376	276	1	流川、福田、神、仙道
1377	276	0	仙道、神、福田、流川
1378	276	0	神、流川、仙道、福田
1379	276	0	福田、仙道、流川、神
1380	276	0	仙道、福田、神、福田
1381	277	1	かーっかっか
1382	277	0	はっはっは
1383	277	0	ウホウホ
1384	277	0	ケケケケケ
1385	277	0	わはは
1386	278	1	神宗一郎
1387	278	0	三井寿
1388	278	0	赤木剛憲
1389	278	0	桜木花道
1390	278	0	藤真健司
1391	279	1	赤木剛憲
1392	279	0	流川楓
1393	279	0	藤真健司
1394	279	0	宮城リョータ
1395	279	0	木暮公延
1396	280	1	新横浜
1397	280	0	平塚
1398	280	0	浦和
1399	280	0	湘南
1400	280	0	幕張
1401	281	1	魚住純
1402	281	0	長谷川一志
1403	281	0	越野宏明
1404	281	0	神宗一郎
1405	281	0	松本（山王の人）
1406	282	1	仙道彰
1407	282	0	宮城リョータ
1408	282	0	岸本実理
1409	282	0	鉄男（三井の元不良仲間）
1410	282	0	竜（鉄男の仲間）
1411	283	1	長谷川一志
1412	283	0	牧紳一
1413	283	0	宮城リョータ
1414	283	0	仙道彰
1415	283	0	板倉大二郎
1416	284	1	１６０対２４
1417	284	0	２００対４８
1418	284	0	１４６対５７
1419	284	0	１６８対３５
1420	284	0	７９対４７
1421	285	1	赤と黒
1422	285	0	緑と白
1423	285	0	黄色と黒
1424	285	0	オレンジと黄色
1425	285	0	青と水色
1426	286	1	ブルズ
1427	286	0	ロケッツ
1428	286	0	レイカーズ
1429	286	0	海南大附属
1430	286	0	ペイサーズ
1431	287	1	仙道彰
1432	287	0	桜木花道
1433	287	0	藤真健司
1434	287	0	宮城リョータ
1435	287	0	牧紳二
1436	288	1	オールコートディフェンス
1437	288	0	フルコートディフェンス
1438	288	0	ハーフコートディフェンス
1439	288	0	２回転ディフェンス
1440	288	0	「わ」と叫んでディフェンス
1441	289	1	エース岸本・性格最悪
1442	289	0	４番土屋敦、要チェックや！
1443	289	0	エースキラー・南烈
1444	289	0	見に来たったで、テルオ。
1445	289	0	要チェックやぁぁぁーーー！
1446	290	1	バラ
1447	290	0	菊
1448	290	0	チューリップ
1449	290	0	カスミ草
1450	290	0	ミスチルのＣＤ
1451	291	1	歌舞伎役者
1452	291	0	野球選手
1453	291	0	バスケットマン
1454	291	0	サッカー選手
1455	291	0	剣道の選手
1456	292	1	明智光秀
1457	292	0	羽柴秀吉
1458	292	0	森　蘭丸
1459	292	0	柴田勝家
1460	292	0	織田信忠
1461	293	1	るろうに剣心
1462	293	0	地獄先生ぬーべー
1463	293	0	将太の寿司
1464	293	0	ガンバ！Ｆｌｙ ｈｉｇｈ
1465	293	0	ドラえもん
1466	294	1	ＭｙＬｉｔｔｌｅＬｏｖｅｒ
1467	294	0	ｇｌｏｂｅ
1468	294	0	シャ乱Ｑ
1469	294	0	Ｂ’ｚ
1470	294	0	Ｘ・ＪＡＰＡＮ
1471	295	1	仙道と南郷
1472	295	0	流川と花道
1473	295	0	福田と三井
1474	295	0	宮城と赤木
1475	295	0	安西先生と北野元監督
1476	296	1	スラムダンクＳＤヒートアップ
1477	296	0	スラムダンク・ＩＨ予選完全版
1478	296	0	スラムダンク・超がけっぷち！
1479	296	0	スラムダンク・湘北最大の危機
1480	296	0	スラムッダーンク！！
1481	297	1	ツケなので、はらっていない。
1482	297	0	１５００円
1483	297	0	３２０円
1484	297	0	５７０円
1485	297	0	８９０円
1486	298	1	陵南
1487	298	0	海南大附属
1488	298	0	津久武
1489	298	0	豊玉
1490	298	0	翔陽
1491	299	1	流川
1492	299	0	赤木
1493	299	0	花道
1494	299	0	ガム
1495	299	0	もち
1496	300	1	赤木
1497	300	0	流川
1498	300	0	三井
1499	300	0	宮城
1500	300	0	彩ちゃん
1501	301	1	がんばる
1502	301	0	勝利する
1503	301	0	点を捧げる
1504	301	0	ラブソングをつくる
1505	301	0	死ねる
1506	302	1	祝大勝利
1507	302	0	ＳＨＯＨＯＫＵ・ＮＯ１！
1508	302	0	祝・大敗
1509	302	0	おめでとう！
1510	302	0	ナイスファイト！！桜木さん！
1511	303	1	しぱしぱ
1512	303	0	ぱたぱた
1513	303	0	ぱちぱち
1514	303	0	ぱらぱら
1515	303	0	涙
1516	304	1	巨人の星
1517	304	0	ブラックジャック
1518	304	0	鉄腕アトム
1519	304	0	おそ松くん
1520	304	0	あしたのジョー
1521	305	1	レツ
1522	305	0	タツ
1523	305	0	ヤツ
1524	305	0	テツ
1525	305	0	ナツ
1526	306	1	ウルトラマン
1527	306	0	男はつらいよ
1528	306	0	ゴジラ
1529	306	0	釣りバカ日誌
1530	306	0	魔法使いサリーちゃん
1531	307	1	対陵南高校（練習試合）
1532	307	0	一年対二、三年（２巻参照）
1533	307	0	対三浦台高校
1534	307	0	対山王戦
1535	307	0	一年対二、三年（１６巻参照）
1536	308	1	３人
1537	308	0	１人
1538	308	0	２人
1539	308	0	４人
1540	308	0	１００００００００００００人
1541	309	1	２ｍ
1542	309	0	１．８ｍ
1543	309	0	１．９ｍ
1544	309	0	１．７ｍ
1545	309	0	２．１ｍ
1546	310	1	流川
1547	310	0	花道
1548	310	0	リョータ
1549	310	0	彩ちゃん
1550	310	0	シオ
1551	311	1	対翔陽戦
1552	311	0	対海南戦
1553	311	0	対陵南戦（決勝リーグ）
1554	311	0	対山王戦
1555	311	0	対陵南戦（練習試合）
1556	312	1	リョータ
1557	312	0	花道
1558	312	0	流川
1559	312	0	ミッチー
1560	312	0	ゴリ
1561	313	1	３巻
1562	313	0	６巻
1563	313	0	２２巻
1564	313	0	２巻
1565	313	0	１３巻
1566	314	1	鼻
1567	314	0	口
1568	314	0	目
1569	314	0	眉毛
1570	314	0	額
1571	315	1	豪快
1572	315	0	爽快
1573	315	0	派手
1574	315	0	迫力満点
1575	315	0	ダイナミック
1576	316	1	ルーズボールを拾ったこと
1577	316	0	リバウンドのこと
1578	316	0	ダンクシュートのこと
1579	316	0	速攻で走ったこと
1580	316	0	ナイススティールのこと
1581	317	1	最後にオレ（仙道）が勝つから
1582	317	0	いくらやっても勝てないから
1583	317	0	個人プレーができるから
1584	317	0	ファンが騒いでくれるから
1585	317	0	みんなが注目するから
1586	318	1	勇気を持った相手
1587	318	0	最強の相手
1588	318	0	優しい相手
1589	318	0	フザケた相手
1590	318	0	根性を持った相手
1591	319	1	１回
1592	319	0	０回
1593	319	0	２回
1594	319	0	３回
1595	319	0	４回
1596	320	1	悔恨
1597	320	0	海根
1598	320	0	悔根
1599	320	0	梅恨
1600	320	0	晦根
1601	321	1	プレイステーション用ソフト
1602	321	0	シャンプー
1603	321	0	ユニフォーム
1604	321	0	目覚まし時計
1605	321	0	電子手・
1606	322	1	リョータ
1607	322	0	花道
1608	322	0	ミッチー
1609	322	0	彦一
1610	322	0	晴子
1611	323	1	負けたことがないから
1612	323	0	味方を信頼してないから
1613	323	0	流川との勝負が楽しいから
1614	323	0	パスさばきの自信がないから
1615	323	0	目立ちたがり屋だから
1616	324	1	７つ
1617	324	0	４つ
1618	324	0	５つ
1619	324	0	９つ
1620	324	0	８つ
1621	325	1	ふりむきざまシュート
1622	325	0	ゴール下シュート
1623	325	0	庶民シュート
1624	325	0	合宿シュート
1625	325	0	ヘナチョコシュート
1626	326	1	２５点
1627	326	0	１８点
1628	326	0	３０点
1629	326	0	１７点
1630	326	0	２点
1631	327	1	魚住
1632	327	0	流川
1633	327	0	清田
1634	327	0	花形
1635	327	0	仙道
1636	328	1	桜木
1637	328	0	宮城
1638	328	0	流川
1639	328	0	赤木
1640	328	0	三井
1641	329	1	対陵南
1642	329	0	対海南
1643	329	0	対翔陽
1644	329	0	対武里
1645	329	0	対三浦台
1646	330	1	腰が抜けて立てないから
1647	330	0	風邪をひいているから
1648	330	0	真空飛び膝蹴りでケガしたから
1649	330	0	山王の研究がしたいから
1650	330	0	安西先生と一緒にいたいから
1651	331	1	イメージトレーニング
1652	331	0	体力増強プログラム
1653	331	0	筋肉トレーニング
1654	331	0	腹筋１００回
1655	331	0	柔軟体操
1656	332	1	彩子
1657	332	0	花道
1658	332	0	赤木
1659	332	0	木暮
1660	332	0	三井
1661	333	1	リョータ君
1662	333	0	リョータ
1663	333	0	宮城先輩
1664	333	0	宮城サン
1665	333	0	ミヤリョー
1666	334	1	勢い
1667	334	0	得点力
1668	334	0	高さ（身長）
1669	334	0	骨
1670	334	0	スピード
1671	335	1	越野
1672	335	0	清田
1673	335	0	木暮
1674	335	0	角田
1675	335	0	神
1676	336	1	藤真－控え君
1677	336	0	清田－野ザル
1678	336	0	牧－ジイ
1679	336	0	福田－フク助
1680	336	0	花形－メガネ
1681	337	1	花道
1682	337	0	ミッチー
1683	337	0	リョーちん
1684	337	0	流川
1685	337	0	赤木
1686	338	1	車に衝突
1687	338	0	転んだ
1688	338	0	人にぶつかった
1689	338	0	信号を無視した
1690	338	0	全く違うところについた
1691	339	1	せいっ！
1692	339	0	うらぁ！
1693	339	0	ていやっ！
1694	339	0	それっ！
1695	339	0	どりゃあ！
1696	340	1	神
1697	340	0	三井
1698	340	0	牧
1699	340	0	仙道
1700	340	0	赤木
1701	341	1	小池
1702	341	0	青木
1703	341	0	木村
1704	341	0	田中
1705	341	0	小川
1706	342	1	シュートが入ったときの音
1707	342	0	客の歓声
1708	342	0	ドリブルの音
1709	342	0	自分自身の心臓の音
1710	342	0	安西先生の声
1711	343	1	流川
1712	343	0	晴子さん
1713	343	0	ゴリ
1714	343	0	リョーちん
1715	343	0	木暮
1716	344	1	オペラ座館殺人事件
1717	344	0	墓場島殺人事件
1718	344	0	金田一少年の殺人
1719	344	0	怪盗紳士の殺人
1720	344	0	秘宝島殺人事件
1721	345	1	森重寛
1722	345	0	森繁弘
1723	345	0	森茂浩
1724	345	0	守重宏
1725	345	0	守繁博
1726	346	1	魚住
1727	346	0	花道
1728	346	0	ゴリ
1729	346	0	沢北
1730	346	0	植草
1731	347	1	仙道
1732	347	0	花道
1733	347	0	赤木
1734	347	0	福田
1735	347	0	長谷川
1736	348	1	物理
1737	348	0	生物
1738	348	0	数学
1739	348	0	歴史
1740	348	0	古文
1741	349	1	ミッチー
1742	349	0	リョーちん
1743	349	0	流川
1744	349	0	花道
1745	349	0	ゴリ
1746	350	1	ふーっ
1747	350	0	おもしれー
1748	350	0	フッ・・・
1749	350	0	さあいこーか
1750	350	0	ぼちぼちいくかな・・・
1751	351	1	小錦
1752	351	0	安西先生
1753	351	0	リョータ
1754	351	0	Ｍ・ジョーダン
1755	351	0	王貞治
1756	352	1	３本
1757	352	0	０本
1758	352	0	１本
1759	352	0	２０本
1760	352	0	４本
1761	353	1	５月１９日
1762	353	0	５月２０日
1763	353	0	５月２１日
1764	353	0	５月２２日
1765	353	0	５月２３日
1766	354	1	９巻
1767	354	0	６巻
1768	354	0	７巻
1769	354	0	８巻
1770	354	0	１０巻
1771	355	1	東京都
1772	355	0	千葉県
1773	355	0	京都府
1774	355	0	埼玉県
1775	355	0	新潟県
1776	356	1	野口総合病院
1777	356	0	北村総合病院
1778	356	0	藤川総合病院
1779	356	0	三井総合病院
1780	356	0	室井総合病院
1781	357	1	ノブナガ君
1782	357	0	清田
1783	357	0	一年坊
1784	357	0	信長ちゃん
1785	357	0	清田クン
1786	358	1	１１巻
1787	358	0	２１巻
1788	358	0	１巻
1789	358	0	３０巻
1790	358	0	２２巻
1791	359	1	１９巻
1792	359	0	２０巻
1793	359	0	１１巻
1794	359	0	１４巻
1795	359	0	４巻
1796	360	1	武石中
1797	360	0	北村中
1798	360	0	高橋中
1799	360	0	千代中
1800	360	0	和光中
1801	361	1	北村中
1802	361	0	武石中
1803	361	0	野口中
1804	361	0	千代中
1805	361	0	和光中
1806	362	1	関
1807	362	0	三井
1808	362	0	木暮
1809	362	0	岡
1810	362	0	森
1811	363	1	パチンコ屋
1812	363	0	居酒屋
1813	363	0	高級中華料理店
1814	363	0	化粧品店
1815	363	0	宝石店
1816	364	1	最高
1817	364	0	うん
1818	364	0	アヤちゃん・・・
1819	364	0	ビューティフル！！
1820	364	0	もちろん
1821	365	1	全国制覇
1822	365	0	打倒山王
1823	365	0	天才桜木
1824	365	0	勇猛果敢
1825	365	0	努力と勇気
1826	366	1	このくらいの角度
1827	366	0	このくらいの高さ
1828	366	0	このくらいの重さ
1829	366	0	このくらいの長さ
1830	366	0	このくらいの面積
1831	367	1	店長’Ｓコレクション
1832	367	0	Ａ・Ｊスーパーモデル
1833	367	0	バスケットマンの命
1834	367	0	～ｆｏｒ桜木君～
1835	367	0	汗と涙の結晶－バッシュ
1836	368	1	説得力があるから
1837	368	0	上手いから
1838	368	0	人気者だから
1839	368	0	カッコイイから
1840	368	0	頼りになるから
1841	369	1	山王
1842	369	0	湘北
1843	369	0	海南大附属
1844	369	0	翔陽
1845	369	0	豊玉
1846	370	1	ない
1847	370	0	１６巻
1848	370	0	３巻
1849	370	0	１３巻
1850	370	0	５巻
1851	371	1	海南大附属
1852	371	0	湘北
1853	371	0	翔陽
1854	371	0	武里
1855	371	0	なったことはない
1856	372	1	小田がバスケ部だったから
1857	372	0	球技が苦手だったから
1858	372	0	ルールが覚えきれないから
1859	372	0	なんとなく
1860	372	0	バカみたいだから
