1	1	1	魔界塔士Ｓａ・Ｇａ
2	1	0	魔界闘士Ｓａ・Ｇａ
3	1	0	破壊闘士Ｓａ・Ｇａ
4	1	0	魔界投資Ｓａ・Ｇａ
5	1	0	他界凍死Ｓａ・Ｇａ
6	2	1	エスパーマン
7	2	0	エスパーガール
8	2	0	メカ
9	2	0	にんげんおかま
10	2	0	サイボーグ
11	3	1	粉々になるが、また使える
12	3	0	粉々になって、なくなる
13	3	0	敵全体を攻撃できる
14	3	0	作ること自体、不可能
15	3	0	ガラスの剣は、存在しない
16	4	1	マギ
17	4	0	ヤギ
18	4	0	サギ
19	4	0	アキ
20	4	0	ガキ
21	5	1	スプライトに変身
22	5	0	きりんに変身
23	5	0	ファントムに変身
24	5	0	コカトリスに変身
25	5	0	食あたりをおこす
26	6	1	最大ＨＰ
27	6	0	ちから
28	6	0	すばやさ
29	6	0	ぼうぎょ
30	6	0	まりょく
31	7	1	背景がうごめく
32	7	0	ここだけカラー
33	7	0	宝箱が１つもない
34	7	0	敵が全くでない
35	7	0	途中に店がある
36	8	1	３人
37	8	0	４人
38	8	0	５人
39	8	0	６人
40	8	0	７人
41	9	1	あたまがばカ
42	9	0	あかさたなは
43	9	0	あいうえおか
44	9	0	いろはにほへ
45	9	0	かきくけこさ
46	10	1	魔力は上がらない
47	10	0	魔力が２０アップ
48	10	0	魔力が１０アップ
49	10	0	魔力が３０アップ
50	10	0	魔力が１５アップ
51	11	1	３１
52	11	0	５２
53	11	0	４５
54	11	0	３８
55	11	0	５９
56	12	1	はにわ
57	12	0	どぐう
58	12	0	モアイ
59	12	0	大仏
60	12	0	人形
61	13	1	アェウクス
62	13	0	ゆうき
63	13	0	いばら
64	13	0	ざせつ
65	13	0	のばら
66	14	1	クラウド
67	14	0	エアリス
68	14	0	バレット
69	14	0	ティファ
70	14	0	ヴィンセント
71	15	1	サガリオン
72	15	0	モズマ
73	15	0	コマンド
74	15	0	ムー
75	15	0	レイ
76	16	1	１００００金の価値の宝石の数
77	16	0	デステニィストーンの数
78	16	0	倒したモンスターの数
79	16	0	持っている地図の数
80	16	0	そんな項目はない
81	17	1	６人
82	17	0	５人
83	17	0	４人
84	17	0	３人
85	17	0	２人
86	18	1	邪：オブシダンソード
87	18	0	土：アメジスト
88	18	0	風：エメラルド
89	18	0	幻：ムーンストーン
90	18	0	魔：ダイヤモンド
91	19	1	シムラクラム
92	19	0	シムクララム
93	19	0	シラムクラム
94	19	0	シクラムラム
95	19	0	シムララクム
96	20	1	ヴェルニーソード
97	20	0	アイアンソード
98	20	0	スティールソード
99	20	0	ガーラルソード
100	20	0	レフトハンドソード
101	21	1	幻の術法
102	21	0	気の術法
103	21	0	闇の術法
104	21	0	光の術法
105	21	0	邪の術法
106	22	1	破邪法
107	22	0	腕力法
108	22	0	夢想法
109	22	0	精神法
110	22	0	防御法
111	23	1	魔力
112	23	0	愛
113	23	0	魅力
114	23	0	精神
115	23	0	知力
116	24	1	アディリス
117	24	0	デス
118	24	0	フレイムタイラント
119	24	0	タイニィフェザー
120	24	0	水竜
121	25	1	コムルーン島
122	25	0	コルムーン島
123	25	0	コンムール島
124	25	0	コンルーム島
125	25	0	コルムーン鳥
126	26	1	盾
127	26	0	重い鎧
128	26	0	兜
129	26	0	足防具
130	26	0	腕防具
131	27	1	ヒドラスーツ
132	27	0	ヘビースーツ
133	27	0	スウェットスーツ
134	27	0	パワードスーツ
135	27	0	プロテクトスーツ
136	28	1	ＬＰ回復
137	28	0	ＨＰ回復
138	28	0	技Ｐ回復
139	28	0	術Ｐ回復
140	28	0	ＭＰ回復
141	29	1	１００００クラウン
142	29	0	９８００クラウン
143	29	0	１０２００クラウン
144	29	0	１０４００クラウン
145	29	0	１０クラウン
146	30	1	帝国令第７７２
147	30	0	帝国令第７２７
148	30	0	帝国令第２７７
149	30	0	帝国令第７７７
150	30	0	帝国令第２２２
151	31	1	サクション
152	31	0	アクション
153	31	0	アスピル
154	31	0	ドレイン
155	31	0	ハクション
156	32	1	風
157	32	0	土
158	32	0	火
159	32	0	水
160	32	0	影
161	33	1	地
162	33	0	影
163	33	0	光
164	33	0	風
165	33	0	土
166	34	1	太陽＋月＋白虎
167	34	0	太陽＋月＋蒼龍
168	34	0	太陽＋月
169	34	0	太陽＋月＋朱雀
170	34	0	太陽＋月＋玄武
171	35	1	技・術ポイント回復
172	35	0	ガラテアとの戦闘
173	35	0	洞窟寺院跡から脱出
174	35	0	全滅
175	35	0	何も起こらない
176	36	1	１５年前
177	36	0	５年前
178	36	0	１０年前
179	36	0	２０年前
180	36	0	２５年前
181	37	1	９人
182	37	0	６人
183	37	0	７人
184	37	0	８人
185	37	0	１０人
186	38	1	アルジャーノン
187	38	0	マコ
188	38	0	バーニィ
189	38	0	ムクチャー
190	38	0	奇面草
191	39	1	５６２５
192	39	0	３０００
193	39	0	３３７５
194	39	0	４１２５
195	39	0	４５００
196	40	1	青
197	40	0	黒
198	40	0	緑
199	40	0	赤
200	40	0	白銀
201	41	1	３００年
202	41	0	１００年
203	41	0	２００年
204	41	0	４００年
205	41	0	５００年
206	42	1	すべての新しい命が失われる
207	42	0	すべての命が失われる
208	42	0	すべての人間が死ぬ
209	42	0	星が消滅する
210	42	0	とくに何も起こらない
211	43	1	ＬＰ回復
212	43	0	ＨＰ回復
213	43	0	技Ｐ回復
214	43	0	術Ｐ回復
215	43	0	全回復
216	44	1	フェイ
217	44	0	オライムス
218	44	0	エポン
219	44	0	ノーク
220	44	0	イール
221	45	1	９９９９
222	45	0	１０００
223	45	0	９９９
224	45	0	１００００
225	45	0	９９９９９
226	46	1	トライアンカー
227	46	0	パワーレイズ
228	46	0	玄武陣
229	46	0	虎穴陣
230	46	0	スペキュレイション
231	47	1	１０００
232	47	0	２０００
233	47	0	５００
234	47	0	２００
235	47	0	１００
236	48	1	３００
237	48	0	５００
238	48	0	２００
239	48	0	１０００
240	48	0	２０００
241	49	1	雪の町
242	49	0	ゆきだるまの町
243	49	0	オーロラの町
244	49	0	冬の町
245	49	0	北の町
246	50	1	ラシュクータ
247	50	0	象の町
248	50	0	シュクラータ
249	50	0	動物の町
250	50	0	ラクシュータ
251	51	1	プリンセスガード
252	51	0	護衛隊
253	51	0	イーストガード
254	51	0	親衛隊
255	51	0	インペリアルガード
256	52	1	セレクトを押さずにクリア
257	52	0	カタリナ一人でクリア
258	52	0	ノーセーブクリア
259	52	0	最短時間クリア
260	52	0	トレードで１０兆オーラムため
261	53	1	ＢＧＭを変える
262	53	0	ＭＰを回復させる
263	53	0	ＨＰを回復させる
264	53	0	背中にのせてくれる
265	53	0	物を売ってくれる
266	54	1	さびたつるぎ
267	54	0	サンダースピア
268	54	0	アイスブランド
269	54	0	モーニングスター
270	54	0	ファイアフレイル
271	55	1	エクスポーション
272	55	0	ハイポーション
273	55	0	ポーション
274	55	0	まんまるドロップ
275	55	0	エリクサー
276	56	1	７回
277	56	0	６回
278	56	0	４回
279	56	0	３回
280	56	0	１回
281	57	1	サビトレール
282	57	0	カビトレール
283	57	0	カビハエール
284	57	0	サビキラー
285	57	0	サビルンルン
286	58	1	１２
287	58	0	５
288	58	0	６
289	58	0	８
290	58	0	１６
291	59	1	ブラッドソード
292	59	0	モーニングスター
293	59	0	ファイアフレイル
294	59	0	アイスブランド
295	59	0	サンダースピア
296	60	1	ハシム
297	60	0	ウォーレン
298	60	0	ウィリー
299	60	0	ボガード
300	60	0	グレル
301	61	1	水の上を移動できる機能
302	61	0	目覚まし機能
303	61	0	おしゃべり機能
304	61	0	空を飛ぶ機能
305	61	0	アイテムを売ってくれる機能
306	62	1	ケアルの書
307	62	0	ファイアの書
308	62	0	グランスの書
309	62	0	戦士マニュアル
310	62	0	漫画
311	63	1	モーションバトル
312	63	0	アクティブバトル
313	63	0	ガードダスバトル
314	63	0	エルサルバドル
315	63	0	ファイナルバトル
316	64	1	上下左右の操作が逆になる
317	64	0	勝手にうごく
318	64	0	勝手に攻撃する
319	64	0	勝手にヘッドバッド
320	64	0	勝手口にワープ
321	65	1	日の精霊
322	65	0	月の精霊
323	65	0	火の精霊
324	65	0	水の精霊
325	65	0	木の精霊
326	66	1	マナエネルギーを入手できる
327	66	0	聖剣がパワーアップする
328	66	0	ポポイが爆発する
329	66	0	種子から芽が出る
330	66	0	異次元に飛ばされる
331	67	1	１曲
332	67	0	１２曲
333	67	0	２５曲
334	67	0	４４曲
335	67	0	６１曲
336	68	1	エクスカリバー
337	68	0	ポーション
338	68	0	エリクサー
339	68	0	毒消し
340	68	0	ホーリーランス
341	69	1	ポロンから脅し取った
342	69	0	自分で作った
343	69	0	ワッツに作らせた
344	69	0	妖魔の森で拾った
345	69	0	武器屋で買った
346	70	1	ラビのぼうし
347	70	0	黄金のベスト
348	70	0	魔法のヨロイ
349	70	0	バトルスーツ
350	70	0	プラズマスーツ
351	71	1	魚雷
352	71	0	ヒレ
353	71	0	骨
354	71	0	うろこ
355	71	0	包丁
356	72	1	バースト
357	72	0	ケアル
358	72	0	フレア
359	72	0	サイレス
360	72	0	カタスト
361	73	1	大きな腕輪
362	73	0	水のアクアマリン
363	73	0	ミサンガ
364	73	0	アイスノン
365	73	0	特製腕時計
366	74	1	ＨＰを吸収する
367	74	0	二酸化炭素が発生する
368	74	0	スポイトが降ってくる
369	74	0	敵が実験する
370	74	0	ＨＰを計る
371	75	1	ムーンセイバー
372	75	0	ルナテックセーバー
373	75	0	マジックセーバー
374	75	0	エナジーセーバー
375	75	0	ドレインセーバー
376	76	1	グリフォンハンド
377	76	0	コカトリス
378	76	0	バシリスク
379	76	0	ダークナイト
380	76	0	ニンジャマスター
381	77	1	まんまるドロップ
382	77	0	ましかくドロップ
383	77	0	さんかくドロップ
384	77	0	ほんとかドロップ
385	77	0	うそだろドロップ
386	78	1	ぱっくんチョコ
387	78	0	ごっくんチョコ
388	78	0	ぱくぱくチョコ
389	78	0	ばくばくチョコ
390	78	0	ぺろぺろチョコ
391	79	1	ハート
392	79	0	ダイヤ
393	79	0	スペード
394	79	0	クラブ
395	79	0	ジョーカー
396	80	1	でんでん太鼓
397	80	0	だんだん太鼓
398	80	0	ぢんぢん太鼓
399	80	0	づんづん太鼓
400	80	0	どんどん太鼓
401	81	1	ぴーひゃら笛
402	81	0	風の太鼓
403	81	0	モーグリベルト
404	81	0	ちびっこハンマー
405	81	0	魔法のロープ
406	82	1	ゼーブルファー
407	82	0	ドラン
408	82	0	フィーグムンド
409	82	0	ミスポルム
410	82	0	ライトゲイザー
411	83	1	フィーグムンド
412	83	0	ザン・ビエ
413	83	0	ゼーブルファー
414	83	0	ランドアンバー
415	83	0	ダンガード
416	84	1	ダンガード
417	84	0	ゼーブルファー
418	84	0	ライトゲイザー
419	84	0	ランドアンバー
420	84	0	ドラン
421	85	1	ブラックラビ
422	85	0	ラビ
423	85	0	ラビリオン
424	85	0	キングラビ
425	85	0	グレードラビ
426	86	1	グラディエーター
427	86	0	パラディン
428	86	0	ロード
429	86	0	ソードマスター
430	86	0	デュエリスト
431	87	1	グラップラー
432	87	0	ゴットハンド
433	87	0	ウォーリアモンク
434	87	0	デルヴィッシュ
435	87	0	デスハンド
436	88	1	レンジャー
437	88	0	ワンダラー
438	88	0	ローグ
439	88	0	ニンジャマスター
440	88	0	ナイトブレード
441	89	1	ソーサレス
442	89	0	グランデヴィナ
443	89	0	アークメイジ
444	89	0	ルーンマスター
445	89	0	メイガス
446	90	1	エンチャントレス
447	90	0	ビショップ
448	90	0	セージ
449	90	0	ネクロマンサー
450	90	0	イビルシャーマン
451	91	1	ワルキューレ
452	91	0	ヴァナディース
453	91	0	スターランサー
454	91	0	ドラゴンマスター
455	91	0	フェンリルナイト
456	92	1	闇の神獣
457	92	0	光の神獣
458	92	0	月の神獣
459	92	0	木の神獣
460	92	0	プレーヤーの自由
461	93	1	ヴァルダ
462	93	0	シモーヌ
463	93	0	ジェシカ
464	93	0	ライザ
465	93	0	イザベラ
466	94	1	２００
467	94	0	８０
468	94	0	１００
469	94	0	１６０
470	94	0	いくらでも
471	95	1	ハッシュ
472	95	0	ガッシュ
473	95	0	スマッシュ
474	95	0	ボッシュ
475	95	0	マッシュ
476	96	1	グレン
477	96	0	サイラス
478	96	0	エレン
479	96	0	タータ
480	96	0	ゴールデン・フロッグ
481	97	1	Ｒ－６６Ｙ
482	97	0	Ｌ－８８Ｙ
483	97	0	Ｒ－６６Ｘ
484	97	0	Ｌ－７７Ｚ
485	97	0	Ｌ－６６Ｘ
486	98	1	ハニャハラヘッタミタ～イ！！
487	98	0	ハラヘッタメシクイタ～イ！
488	98	0	ダ・ズマ・ラフア・ロウ・…
489	98	0	エロイム・エッサイム！！！
490	98	0	ラミパスラミパスルルルルル～
491	99	1	ＬＡＬＡ
492	99	0	ＲＡＲＡ
493	99	0	ＬＡＲＡ
494	99	0	ＲＡＬＡ
495	99	0	羅羅
496	100	1	プロメテス
497	100	0	ブロメデス
498	100	0	フロモデス
499	100	0	プラモデス
500	100	0	プリメテス
501	101	1	ジャキ
502	101	0	ジャリ
503	101	0	ザキ
504	101	0	ラヴォス
505	101	0	サラ
506	102	1	盗み
507	102	0	人殺し
508	102	0	誘拐
509	102	0	偽証罪
510	102	0	物を壊した
511	103	1	クロノ
512	103	0	カルヌ
513	103	0	キレネ
514	103	0	ケラナ
515	103	0	コリニ
516	104	1	中世
517	104	0	未来
518	104	0	現代
519	104	0	古代文明
520	104	0	太古
521	105	1	９曲
522	105	0	５曲
523	105	0	６曲
524	105	0	７曲
525	105	0	８曲
526	106	1	エミル
527	106	0	アルベルト
528	106	0	ブレンダ
529	106	0	クラーク
530	106	0	サカタ
531	107	1	ジェラール
532	107	0	カイン
533	107	0	フリオニール
534	107	0	グレイ
535	107	0	ガーラント
536	108	1	メニョ
537	108	0	マニョ
538	108	0	ムニョ
539	108	0	モニョ
540	108	0	ワガハイ
541	109	1	あまいワイン
542	109	0	うにうじ
543	109	0	てづくりクッキー
544	109	0	あまあまハニー
545	109	0	おうじょの？？？
546	110	1	掃除
547	110	0	洗濯
548	110	0	料理
549	110	0	ゾラの肩たたき
550	110	0	鍛錬
551	111	1	オレルス
552	111	0	ラグーン
553	111	0	カーナ
554	111	0	ドラゴン
555	111	0	グラン
556	112	1	ビッケバッケ
557	112	0	ビュウ
558	112	0	トゥルース
559	112	0	ラッシュ
560	112	0	全員
561	113	1	シュミセン
562	113	0	ガンマセン
563	113	0	ジャミセン
564	113	0	シャミセン
565	113	0	ウミセンヤマセン
566	114	1	ハ虫類族
567	114	0	人間族
568	114	0	巨人族
569	114	0	水棲族
570	114	0	ダナン神族
571	115	1	６
572	115	0	３
573	115	0	４
574	115	0	５
575	115	0	いくらでも
576	116	1	デスジェイド
577	116	0	ホーリージェイド
578	116	0	ライフジェイド
579	116	0	トレジャージェイド
580	116	0	リバイブジェイド
581	117	1	サラス
582	117	0	モンジュ
583	117	0	オプシス
584	117	0	マユラ
585	117	0	ディヤウス
586	118	1	１００ラグ
587	118	0	１０ラグ
588	118	0	１０００ラグ
589	118	0	１００００ラグ
590	118	0	のぞみのまま
591	119	1	ジルド
592	119	0	ターレス
593	119	0	エレミア
594	119	0	ミュンヒ
595	119	0	ゼクウ
596	120	1	ティッラー
597	120	0	エクスピア
598	120	0	ペルスアーン
599	120	0	メルトン
600	120	0	インプルス
601	121	1	ハ虫類族
602	121	0	人間族
603	121	0	ダナン神族
604	121	0	水凄族
605	121	0	巨人族
606	122	1	カオスストーン
607	122	0	アクアストーン
608	122	0	サウラストーン
609	122	0	オーガストーン
610	122	0	ダナンストーン
611	123	1	あかいふくろ
612	123	0	みどりのふくろ
613	123	0	しろいふくろ
614	123	0	くろいふくろ
615	123	0	なぞのふくろ
616	124	1	こおりのつるぎ
617	124	0	ほのおのつるぎ
618	124	0	ひかりのつるぎ
619	124	0	あんこくとう
620	124	0	らいせんとう
621	125	1	カエル
622	125	0	コイン
623	125	0	ポーション
624	125	0	ネジロバチ
625	125	0	お金
626	126	1	ツルギの実
627	126	0	ソコヂカラの実
628	126	0	ラビットの実
629	126	0	バクハツの実
630	126	0	カブトの実
631	127	1	ＷＳ－１４Ｂ
632	127	0	ＷＳ－２Ｂ
633	127	0	ＷＳ－２０
634	127	0	ＷＳ－２
635	127	0	ＷＳ－１４
636	128	1	シージュ
637	128	0	ズィーガー
638	128	0	グレイブ
639	128	0	ウィニー
640	128	0	ツィーゲ
641	129	1	クラブサンＩＩ
642	129	0	ストークＭｋ．ＩＶ
643	129	0	アルペジオ
644	129	0	シケイダＩＩ
645	129	0	ブリザイアＩＩ
646	130	1	フェイ
647	130	0	ロック
648	130	0	チョコボ
649	130	0	レッド
650	130	0	カレン
651	131	1	経験値
652	131	0	レベル
653	131	0	プレイ時間
654	131	0	マップサイズ
655	131	0	体力
656	132	1	ＲＰＧ
657	132	0	アクションＲＰＧ
658	132	0	シミュレーションＲＰＧ
659	132	0	アクション
660	132	0	シューティング
661	133	1	Ｑ
662	133	0	Ｍ
663	133	0	Ｆ
664	133	0	Ｓ
665	133	0	Ａ
666	134	1	ロック
667	134	0	主人公
668	134	0	カレン
669	134	0	フェイ
670	134	0	レッド
671	135	1	ミスリルソード
672	135	0	ブロードソード
673	135	0	なし
674	135	0	ナイフ
675	135	0	エクスカリバー
676	136	1	サンダー
677	136	0	ファイア
678	136	0	ブリザド
679	136	0	クエイク
680	136	0	エアロ
681	137	1	５０
682	137	0	１６
683	137	0	８
684	137	0	１２
685	137	0	２４
686	138	1	シナリオアイテム
687	138	0	ＨＰ全回復
688	138	0	ＨＰ・ＭＰ全回復
689	138	0	全ての異常を回復
690	138	0	存在しない
691	139	1	ウインディア
692	139	0	クラウディア
693	139	0	スカイア
694	139	0	ブレズィア
695	139	0	ナディール
696	140	1	しゅくふくのみず
697	140	0	エリクサー
698	140	0	ヒールポーション
699	140	0	オーロラのさかずき
700	140	0	まほうのかがみ
701	141	1	２月２７日
702	141	0	４月　２日
703	141	0	７月１９日
704	141	0	４月２７日
705	141	0	１月１７日
706	142	1	４Ｍｂｉｔ
707	142	0	３Ｍｂｉｔ
708	142	0	２Ｍｂｉｔ
709	142	0	１Ｍｂｉｔ
710	142	0	８Ｍｂｉｔ
711	143	1	６８００円
712	143	0	４９００円
713	143	0	５９００円
714	143	0	６５００円
715	143	0	８４００円
716	144	1	１枚
717	144	0	２枚組
718	144	0	３枚組
719	144	0	４枚組
720	144	0	５枚組
721	145	1	９００円
722	145	0	８４０円
723	145	0	８５０円
724	145	0	８００円
725	145	0	９５０円
726	146	1	Ｂボタンとセレクトを押す
727	146	0	地図がある場所の前でＡボタン
728	146	0	サイトロの魔法を使う
729	146	0	メニュー画面でマップを選ぶ
730	146	0	Ｒボタンを押す
731	147	1	１２月１８日
732	147	0	１０月２９日
733	147	0	１２月１７日
734	147	0	１２月　６日
735	147	0	１２月１９日
736	148	1	２Ｍｂｉｔ
737	148	0	４Ｍｂｉｔ
738	148	0	３Ｍｂｉｔ
739	148	0	１Ｍｂｉｔ
740	148	0	８Ｍｂｉｔ
741	149	1	５９００円
742	149	0	６８００円
743	149	0	４９００円
744	149	0	６５００円
745	149	0	８４００円
746	150	1	クリスタルの輝きを取り戻す
747	150	0	クリスタルを取り戻す
748	150	0	クリスタルを倒す
749	150	0	クリスタルを砕く
750	150	0	クリスタルを集める
751	151	1	コウモリ
752	151	0	モーグリ
753	151	0	チョコボ
754	151	0	ゴブリン
755	151	0	ゾンビー
756	152	1	セーラ
757	152	0	ヒルダ
758	152	0	サラ
759	152	0	レナ
760	152	0	セリス
761	153	1	とくれせんたぼーび
762	153	0	とーたすんたぼーえ
763	153	0	とっせりんたぼーえ
764	153	0	とくれせんたぼーえ
765	153	0	とっせりんたぼーび
766	154	1	最初から持ってる
767	154	0	クリスタル神殿
768	154	0	クリスタルタワー
769	154	0	最後のダンジョン
770	154	0	ある場所の洞窟
771	155	1	０
772	155	0	５０
773	155	0	６０
774	155	0	７０
775	155	0	８０
776	156	1	８
777	156	0	５
778	156	0	６
779	156	0	１２
780	156	0	１６
781	157	1	コーネリア
782	157	0	ミシディア
783	157	0	クレセント
784	157	0	アルテア
785	157	0	バロン
786	158	1	３０ギル
787	158	0	１０ギル
788	158	0	４０ギル
789	158	0	５ギル
790	158	0	２０ギル
791	159	1	赤魔術士
792	159	0	黒魔術士
793	159	0	白魔術士
794	159	0	戦士
795	159	0	モンク
796	160	1	くさりかたびら
797	160	0	ミスリルメイル
798	160	0	アイスアーマー
799	160	0	ダイヤアーマー
800	160	0	てつのたて
801	161	1	ぎんのうでわ
802	161	0	ダイヤのこて
803	161	0	まもりのゆびわ
804	161	0	アイスシールド
805	161	0	おおかぶと
806	162	1	８００ギル
807	162	0	２５０ギル
808	162	0	６０ギル
809	162	0	７５ギル
810	162	0	１００ギル
811	163	1	アンデッドにダメージ
812	163	0	単体のＨＰ回復
813	163	0	全体のＨＰ回復
814	163	0	動きを止める
815	163	0	鹿を召喚
816	164	1	ニトロのかやく
817	164	0	マグマのいし
818	164	0	アダマンタイト
819	164	0	たいようのほのお
820	164	0	エギルのたいまつ
821	165	1	ルビー
822	165	0	ミスリル
823	165	0	ギサールのやさい
824	165	0	ねずみ
825	165	0	ゴブリン
826	166	1	リッチ
827	166	0	ゾンビー
828	166	0	スケルトン
829	166	0	アダマンタイマイ
830	166	0	バンパイア
831	167	1	アースの洞窟
832	167	0	ガイアの洞窟
833	167	0	バンパイアの洞窟
834	167	0	土の洞窟
835	167	0	闇の洞窟
836	168	1	１つ前の階に戻る
837	168	0	一気に脱出
838	168	0	他の街へ飛ぶ
839	168	0	戦闘で逃げ出す
840	168	0	次元の狭間に送り込む
841	169	1	ホワイトドラゴン
842	169	0	レッドドラゴン
843	169	0	ドラゴンゾンビ
844	169	0	グリーンドラゴン
845	169	0	ブルードラゴン
846	170	1	サソリ
847	170	0	カイゾク
848	170	0	コカトリス
849	170	0	グリーンスライム
850	170	0	ピロリスク
851	171	1	ゴブリンガード
852	171	0	ホブゴブリン
853	171	0	コボルト
854	171	0	ゴブリンチーフ
855	171	0	ダークゴブリン
856	172	1	ラグナロク
857	172	0	ディフェンダー
858	172	0	マサムネ
859	172	0	エクスカリバー
860	172	0	アイスブランド
861	173	1	体
862	173	0	頭
863	173	0	腕
864	173	0	足
865	173	0	盾
866	174	1	ねぶくろ
867	174	0	ハイポーション
868	174	0	エリクサー
869	174	0	フェニックスのお
870	174	0	めぐすり
871	175	1	サイレス
872	175	0	シェイプ
873	175	0	ヘイスト
874	175	0	スロウ
875	175	0	コンフュ
876	176	1	テレポ
877	176	0	ケアルラ
878	176	0	エスナ
879	176	0	ドレイン
880	176	0	サンダガ
881	177	1	ブリザド
882	177	0	ファイア
883	177	0	サンダー
884	177	0	ケアル
885	177	0	スリプル
886	178	1	ケアルダ
887	178	0	ファイラ
888	178	0	サンダラ
889	178	0	ヒール
890	178	0	ホールド
891	179	1	エスナ
892	179	0	ブラナ
893	179	0	ストナ
894	179	0	ポイゾナ
895	179	0	レイズ
896	180	1	モルボル
897	180	0	ゴブリン
898	180	0	ガーディアン
899	180	0	メデューサ
900	180	0	デスマシーン
901	181	1	サーダ
902	181	0	ソーダ
903	181	0	シーダ
904	181	0	スーダ
905	181	0	コーダ
906	182	1	４文字
907	182	0	６文字
908	182	0	７文字
909	182	0	８文字
910	182	0	９文字
911	183	1	ファイガ
912	183	0	ブリザガ
913	183	0	サンガー
914	183	0	ケアルガ
915	183	0	ガディア
916	184	1	ねずみのしっぽ
917	184	0	クリスタル
918	184	0	あいのフライパン
919	184	0	キャパシティ
920	184	0	アビリティ
921	185	1	白魔導士
922	185	0	黒魔導士
923	185	0	忍者
924	185	0	赤魔導士
925	185	0	赤魔術士
926	186	1	土→火→水→風
927	186	0	土→水→火→風
928	186	0	風→水→土→火
929	186	0	風→水→火→土
930	186	0	風→土→火→水
931	187	1	チョコボのテーマ
932	187	0	プレリュード
933	187	0	オープニングテーマ
934	187	0	勝利
935	187	0	店
936	188	1	勝利
937	188	0	勝利！！
938	188	0	勝利のファンファーレ
939	188	0	ファンファーレ
940	188	0	イート・ザ・ミート
941	189	1	学者
942	189	0	召喚師
943	189	0	賢者
944	189	0	忍者
945	189	0	夢の世界の番人
946	190	1	Ｓモンク→マスターモンク
947	190	0	ポーションの値段が違う
948	190	0	魔法ケアルラ→ケアルア
949	190	0	コンフュが黒魔法
950	190	0	ＡボタンとＢボタンの効果が逆
951	191	1	体力が減るが、ＨＰは１のまま
952	191	0	体力が無くなりそのうち死亡
953	191	0	ＦＦ１には毒の状態は無い
954	191	0	戦闘が終わると治る
955	191	0	別になんともない
956	192	1	６５００円
957	192	0	５９００円
958	192	0	６８００円
959	192	0	４９００円
960	192	0	８４００円
961	193	1	２Ｍｂｉｔ
962	193	0	８Ｍｂｉｔ
963	193	0	１Ｍｂｉｔ
964	193	0	３Ｍｂｉｔ
965	193	0	４Ｍｂｉｔ
966	194	1	１２月１７日
967	194	0	１２月１８日
968	194	0	１０月２９日
969	194	0	１２月　６日
970	194	0	１２月１９日
971	195	1	６
972	195	0	５
973	195	0	８
974	195	0	１２
975	195	0	１６
976	196	1	のばら
977	196	0	アェウクス
978	196	0	いばら
979	196	0	ゆうき
980	196	0	ざせつ
981	197	1	反乱軍
982	197	0	革命軍
983	197	0	帝国軍
984	197	0	防衛軍
985	197	0	連合軍
986	198	1	武器の熟練度
987	198	0	キャラのレベル
988	198	0	経験値
989	198	0	ジョブの熟練度
990	198	0	魔法習得値
991	199	1	バッテリーバックアップ
992	199	0	パスワードコンティニュー
993	199	0	ＩＣバックアップ
994	199	0	子ガメカセット
995	199	0	ターボファイル
996	200	1	全滅する
997	200	0	王様に会う
998	200	0	皇帝に合う
999	200	0	宿屋に行く
1000	200	0	姫を助ける
1001	201	1	アルテア
1002	201	0	アルテマ
1003	201	0	フィン
1004	201	0	ウル
1005	201	0	コーネリア
1006	202	1	ワードメモリーシステム
1007	202	0	ウエポンマテリアルシステム
1008	202	0	マルチヒストリーシステム
1009	202	0	ワールドマルチシステム
1010	202	0	うぉーもう少しだ
1011	203	1	ヒルダ
1012	203	0	セーラ
1013	203	0	サラ
1014	203	0	レナ
1015	203	0	セリス
1016	204	1	１０
1017	204	0	４
1018	204	0	６
1019	204	0	８
1020	204	0	１２
1021	205	1	ポール
1022	205	0	ジョン
1023	205	0	リンゴ
1024	205	0	ジョージ
1025	205	0	ヨーコ
1026	206	1	スケルトン
1027	206	0	クアール
1028	206	0	ベヒーモス
1029	206	0	ブラックプリン
1030	206	0	モルボル
1031	207	1	魔法が出る
1032	207	0	魔法を覚える
1033	207	0	何も起きない
1034	207	0	ファイルが消える
1035	207	0	魔法を忘れる
1036	208	1	ホーリーランス
1037	208	0	ディフェンダー
1038	208	0	よいちのゆみ
1039	208	0	オーガキラー
1040	208	0	ダイアメイス
1041	209	1	ちからだすき
1042	209	0	リボン
1043	209	0	きんのむねあて
1044	209	0	きょじんのこて
1045	209	0	ナイトのよろい
1046	210	1	７５
1047	210	0	４２
1048	210	0	６０
1049	210	0	８１
1050	210	0	９６
1051	211	1	ハーン
1052	211	0	フジヤマ
1053	211	0	ハヤテ
1054	211	0	ボウズ
1055	211	0	カイオウ
1056	212	1	ボムのかけら
1057	212	0	なんきょくのかぜ
1058	212	0	だいちのドラム
1059	212	0	ユニコーンのつの
1060	212	0	バッカスのさけ
1061	213	1	アレイズ
1062	213	0	トード
1063	213	0	バーサク
1064	213	0	アルテマ
1065	213	0	アスピル
1066	214	1	デスペル
1067	214	0	ディスペル
1068	214	0	ディスプ
1069	214	0	デスペレ
1070	214	0	ディスペ
1071	215	1	スロウ
1072	215	0	クラウダ
1073	215	0	コンフュ
1074	215	0	バーサク
1075	215	0	ヘイスト
1076	216	1	フィアー
1077	216	0	ファイア
1078	216	0	フレアー
1079	216	0	ブレイク
1080	216	0	ブライン
1081	217	1	デジョン
1082	217	0	ウォール
1083	217	0	チェンジ
1084	217	0	アルテマ
1085	217	0	フォーグ
1086	218	1	ＭＰを減少させる
1087	218	0	防御魔法を打ち消す
1088	218	0	アンデッドにダメージ
1089	218	0	状態を回復させる
1090	218	0	巨人にダメージ
1091	219	1	一時的変化の治療
1092	219	0	アンデッドにダメージ
1093	219	0	混乱させる
1094	219	0	呪いをかける
1095	219	0	石化を回復
1096	220	1	魔法屋
1097	220	0	武器屋
1098	220	0	防具屋
1099	220	0	道具屋
1100	220	0	宿屋
1101	221	1	杖
1102	221	0	剣
1103	221	0	槍
1104	221	0	斧
1105	221	0	短剣
1106	222	1	５００００ギル
1107	222	0	１００００ギル
1108	222	0	２００００ギル
1109	222	0	３００００ギル
1110	222	0	６５０００ギル
1111	223	1	コンフュ
1112	223	0	ドレイン
1113	223	0	アスピル
1114	223	0	ブレイク
1115	223	0	デス
1116	224	1	ジャイアントビーバー
1117	224	0	モーグリ
1118	224	0	チョコボ
1119	224	0	飛竜
1120	224	0	カエル
1121	225	1	テント
1122	225	0	コテージ
1123	225	0	おとめのキッス
1124	225	0	じゅうじか
1125	225	0	フェニックスのお
1126	226	1	メイス
1127	226	0	ブロードソード
1128	226	0	ジャベリン
1129	226	0	ミスリルかぶと
1130	226	0	サンダーのほん
1131	227	1	おとめのキッス
1132	227	0	ハイポーション
1133	227	0	ミスリルアクス
1134	227	0	レイズのほん
1135	227	0	きょじんのこて
1136	228	1	ミニマム
1137	228	0	デジョン
1138	228	0	フィアー
1139	228	0	レイズ
1140	228	0	テレポ
1141	229	1	見捨てられ置いてかれる
1142	229	0	引きずられる
1143	229	0	勝利のポーズをとる
1144	229	0	決して死ぬことはない
1145	229	0	ＨＰ１で生き返る
1146	230	1	ブルーババロア
1147	230	0	グリーンスライム
1148	230	0	レッドマシュマロ
1149	230	0	イエローゼリー
1150	230	0	ブラックプリン
1151	231	1	ダークグレネード
1152	231	0	モルボルグレート
1153	231	0	ゴブリンガード
1154	231	0	ゴーキマイラ
1155	231	0	キングベヒーモス
1156	232	1	フィアー
1157	232	0	ブリンク
1158	232	0	デス
1159	232	0	ブレイク
1160	232	0	フォーグ
1161	233	1	潜水艇
1162	233	0	雪上船
1163	233	0	飛空船
1164	233	0	カヌー
1165	233	0	チョコボ
1166	234	1	メインテーマ
1167	234	0	反乱軍のテーマ
1168	234	0	帝国軍のテーマ
1169	234	0	オープニングテーマ
1170	234	0	エンディングテーマ
1171	235	1	クリスタルロッド
1172	235	0	ミスリルロッド
1173	235	0	サンダーロッド
1174	235	0	ウィザードロッド
1175	235	0	ホーリーロッド
1176	236	1	ラミアクイーン
1177	236	0	ラミア
1178	236	0	リリス
1179	236	0	マザーラミア
1180	236	0	ブランドラミア
1181	237	1	真中のクリスタル
1182	237	0	右上のクリスタル
1183	237	0	左上のクリスタル
1184	237	0	右下のクリスタル
1185	237	0	左下のクリスタル
1186	238	1	白２０黒２０
1187	238	0	白３２黒３２
1188	238	0	白１６黒１６召喚８
1189	238	0	白　８黒　８召喚８
1190	238	0	白１２黒１２召喚８
1191	239	1	ベルゼブル
1192	239	0	ベルゼブブ
1193	239	0	ベルゼバブ
1194	239	0	ベルゼバル
1195	239	0	ベルゼブフ
1196	240	1	くろきし
1197	240	0	ゴブリン
1198	240	0	ソルジャー
1199	240	0	ベヒーモス
1200	240	0	てつきょじん
1201	241	1	４月２７日
1202	241	0	２月２７日
1203	241	0	４月　２日
1204	241	0	７月１９日
1205	241	0	１月１７日
1206	242	1	４Ｍｂｉｔ
1207	242	0	２Ｍｂｉｔ
1208	242	0	３Ｍｂｉｔ
1209	242	0	１Ｍｂｉｔ
1210	242	0	８Ｍｂｉｔ
1211	243	1	８４００円
1212	243	0	８８００円
1213	243	0	９０００円
1214	243	0	９８００円
1215	243	0	１１４００円
1216	244	1	５
1217	244	0	６
1218	244	0	８
1219	244	0	１２
1220	244	0	１６
1221	245	1	自分で決める
1222	245	0	ロック
1223	245	0	フリオニール
1224	245	0	セシル
1225	245	0	バッツ
1226	246	1	キャパシティ
1227	246	0	アビリティ
1228	246	0	ギル
1229	246	0	技術点
1230	246	0	ネズミのシッポ
1231	247	1	「あちちっ！」
1232	247	0	ファイアを覚える
1233	247	0	ＨＰ全回復
1234	247	0	火が消える
1235	247	0	ダメージ
1236	248	1	フェニックスのお
1237	248	0	しゅりけん
1238	248	0	よいちのゆみ
1239	248	0	ディフェンダー
1240	248	0	ポーション
1241	249	1	ギサールの宝箱の手裏剣
1242	249	0	ギサールで売っている手裏剣
1243	249	0	ギザギザのある手裏剣
1244	249	0	ギサールにある石像
1245	249	0	そんなものは無い
1246	250	1	地名
1247	250	0	植物名
1248	250	0	モンスター名
1249	250	0	ギサールでござーる
1250	250	0	キャラ名
1251	251	1	ポーション３つ
1252	251	0	ナイフ２０本
1253	251	0	ダガー７本
1254	251	0	ロングソード４本
1255	251	0	ミスリルアーマー１つ
1256	252	1	幽霊
1257	252	0	石像
1258	252	0	モーグリ
1259	252	0	ゴブリン
1260	252	0	チョコボ
1261	253	1	深い水に潜ることができる
1262	253	0	狭い穴を通ることができる
1263	253	0	けろっぴージャンプができる
1264	253	0	カエルと会話ができる
1265	253	0	コルナゴのつぼを入手できる
1266	254	1	ＮＰＣに話しかける
1267	254	0	ＮＰＣのステータス
1268	254	0	ＮＰＣのチェンジ
1269	254	0	ＮＰＣの攻撃
1270	254	0	マルチメディアのＮＰＣ
1271	255	1	キャラ換え
1272	255	0	ステータス
1273	255	0	メニュー
1274	255	0	マップ
1275	255	0	ない
1276	256	1	ない
1277	256	0	キャラ換え
1278	256	0	ステータス
1279	256	0	メニュー
1280	256	0	マップ
1281	257	1	メニュー
1282	257	0	キャラ換え
1283	257	0	ステータス
1284	257	0	マップ
1285	257	0	ない
1286	258	1	沈黙
1287	258	0	マヒ
1288	258	0	眠り
1289	258	0	混乱
1290	258	0	だんだん石化
1291	259	1	逃げ出す
1292	259	0	全滅する
1293	259	0	敵全体にダメージ
1294	259	0	フレア
1295	259	0	１００ギル拾う
1296	260	1	１
1297	260	0	１５
1298	260	0	５１
1299	260	0	９９
1300	260	0	３３
1301	261	1	２１歳
1302	261	0	１７歳
1303	261	0	１９歳
1304	261	0	１８歳
1305	261	0	２０歳
1306	262	1	６４歳
1307	262	0	５６歳
1308	262	0	６０歳
1309	262	0	５８歳
1310	262	0	６２歳
1311	263	1	大変遠いところ
1312	263	0	とても小さい
1313	263	0	行く事の出来ない
1314	263	0	すごい
1315	263	0	閉ざす
1316	264	1	９９９９６８２
1317	264	0	９９９９９９
1318	264	0	９９９９９９９
1319	264	0	９６５４８７１２
1320	264	0	９９９８１０７
1321	265	1	リンクス
1322	265	0	ＧＴ
1323	265	0	ボーイ
1324	265	0	ギア
1325	265	0	ヘルメット
1326	266	1	素早さ
1327	266	0	精神
1328	266	0	知性
1329	266	0	体力
1330	266	0	力
1331	267	1	３２３人
1332	267	0	３１２人
1333	267	0	３３４人
1334	267	0	３４５人
1335	267	0	３９８人
1336	268	1	祭壇の洞窟
1337	268	0	ウルの村
1338	268	0	サスーン城
1339	268	0	飛空艇
1340	268	0	ラストダンジョン
1341	269	1	トックル
1342	269	0	トーザス
1343	269	0	古代人の村
1344	269	0	ドワーフの洞窟
1345	269	0	レプリト
1346	270	1	ファルガバード
1347	270	0	サロニアその３
1348	270	0	サロニアその４
1349	270	0	レプリト
1350	270	0	ダスター
1351	271	1	こだいのつるぎ
1352	271	0	きのや
1353	271	0	ナイフ
1354	271	0	マドラのたてごと
1355	271	0	ラグナロク
1356	272	1	スライム
1357	272	0	ラミア
1358	272	0	グリフォン
1359	272	0	サハギン
1360	272	0	デーモン
1361	273	1	６文字
1362	273	0	９文字
1363	273	0	７文字
1364	273	0	８文字
1365	273	0	４文字
1366	274	1	カナーン
1367	274	0	ウル
1368	274	0	カズス
1369	274	0	トーザス
1370	274	0	サスーン
1371	275	1	観光業
1372	275	0	工業
1373	275	0	海運業
1374	275	0	商業
1375	275	0	農業
1376	276	1	ダウ
1377	276	0	ガウ
1378	276	0	バウ
1379	276	0	ザウ
1380	276	0	アレキサンダー
1381	277	1	シド・ヘイズ
1382	277	0	シド・デル・ノルテ・マルケズ
1383	277	0	シド・プレヴィア
1384	277	0	シド・ポレンディーナ
1385	277	0	シド・レミファ・ソラ
1386	278	1	サンダー
1387	278	0	ファイア
1388	278	0	ブリザド
1389	278	0	ケアル
1390	278	0	スリプル
1391	279	1	マヒさせる
1392	279	0	闇の波動でダメージ
1393	279	0	盲目にする
1394	279	0	眠らせる
1395	279	0	一撃必殺
1396	280	1	風→火→水→土
1397	280	0	土→火→水→風
1398	280	0	水→火→風→土
1399	280	0	風→水→火→土
1400	280	0	風→土→火→水
1401	281	1	バハムル
1402	281	0	バハムラ
1403	281	0	バハムト
1404	281	0	バルハラ
1405	281	0	バハムリ
1406	282	1	サロニアその１
1407	282	0	サロニアその２
1408	282	0	サロニアその３
1409	282	0	サロニアその４
1410	282	0	サロニア城
1411	283	1	イフリート
1412	283	0	ランドタートル
1413	283	0	クラーケン
1414	283	0	ティターン
1415	283	0	アーリマン
1416	284	1	プレリュード
1417	284	0	伝説は始まる
1418	284	0	Ｒｉｓｉｎｇ　Ｓｕｎ
1419	284	0	天使の怖れ
1420	284	0	プロローグ
1421	285	1	クリスタルルーム
1422	285	0	クリスタルの輝き
1423	285	0	クリスタルの伝説
1424	285	0	クリスタルヘルム
1425	285	0	プレリュード
1426	286	1	サリーナ
1427	286	0	アリーナ
1428	286	0	カリーナ
1429	286	0	マリーナ
1430	286	0	クリーナ
1431	287	1	たまねぎ剣士
1432	287	0	忍者
1433	287	0	賢者
1434	287	0	赤魔道士
1435	287	0	すっぴん
1436	288	1	ダイヤシールド
1437	288	0	ゆうしゃのたて
1438	288	0	イージスのたて
1439	288	0	げんじのたて
1440	288	0	クリスタルのたて
1441	289	1	サイトロ
1442	289	0	テレポ
1443	289	0	デジョン
1444	289	0	エスケプ
1445	289	0	トード
1446	290	1	シーフで盗むことはできない
1447	290	0	最初のゴブリンしか持ってない
1448	290	0	絶対にもらえない
1449	290	0	普通のエリクサーと効果が違う
1450	290	0	地下１階ではもらえない
1451	291	1	４２
1452	291	0	３６
1453	291	0	５０
1454	291	0	２４
1455	291	0	１８
1456	292	1	サラマンドラ
1457	292	0	イフリート
1458	292	0	リリス
1459	292	0	フレイムリザード
1460	292	0	フェニックス
1461	293	1	未完成だった
1462	293	0	魔物に奪われていた
1463	293	0	ニセモノだった
1464	293	0	海底神殿にあった
1465	293	0	店で売られていた
1466	294	1	ノアのリュート
1467	294	0	ノアのシャミセン
1468	294	0	ノアのギター
1469	294	0	ノアのたてごと
1470	294	0	ノアのウクレレ
1471	295	1	魔力を帯びた小さな斧
1472	295	0	割れている亀の甲羅
1473	295	0	黒い液体の入ったビン
1474	295	0	白く輝く小さな結晶
1475	295	0	亀が入っている水晶玉
1476	296	1	ボムのみぎうで
1477	296	0	ボムのひだりて
1478	296	0	ボムのみぎあし
1479	296	0	ボムのひだりあし
1480	296	0	ボムのあしのうら
1481	297	1	サンダガ
1482	297	0	サンダラ
1483	297	0	サンダー
1484	297	0	クエイク
1485	297	0	メガフレア
1486	298	1	魔人
1487	298	0	白魔道師
1488	298	0	赤魔道師
1489	298	0	幻術師
1490	298	0	魔界幻士
1491	299	1	ナイト
1492	299	0	シーフ
1493	299	0	戦士
1494	299	0	バイキング
1495	299	0	竜騎士
1496	300	1	幻術師
1497	300	0	白魔道師
1498	300	0	赤魔道師
1499	300	0	導師
1500	300	0	忍者
1501	301	1	神々の黄昏
1502	301	0	神々の曙
1503	301	0	神々の落とし子
1504	301	0	神々の遺産
1505	301	0	神々の奇跡
1506	302	1	水：バイキング
1507	302	0	風：竜騎士
1508	302	0	水：ナイト
1509	302	0	風：シーフ
1510	302	0	水：狩人
1511	303	1	火：学者
1512	303	0	土：空手家
1513	303	0	火：赤魔道師
1514	303	0	土：忍者
1515	303	0	火：魔剣士
1516	304	1	４
1517	304	0	６
1518	304	0	８
1519	304	0	１０
1520	304	0	１６
1521	305	1	狩人８つ、魔剣士８つ
1522	305	0	狩人９つ、魔剣士９つ
1523	305	0	狩人８つ、魔剣士９つ
1524	305	0	狩人８つ、魔剣士９つ
1525	305	0	狩人９つ、魔剣士８つ
1526	306	1	ＬＶ４５狩人
1527	306	0	ＬＶ５０魔剣士
1528	306	0	ＬＶ３０幻術師
1529	306	0	ＬＶ２５赤魔道師
1530	306	0	ＬＶ１０白魔道師
1531	307	1	ドールの湖
1532	307	0	リバイアの湖
1533	307	0	封印の湖
1534	307	0	グルカンの湖
1535	307	0	イストリーの湖
1536	308	1	時の歯車の原理
1537	308	0	浮遊大陸の原理
1538	308	0	闇の世界の原理
1539	308	0	ミスリルの原理
1540	308	0	太陽の炎の原理
1541	309	1	白と黒がある。
1542	309	0	どのジョブでも使える。
1543	309	0	使うとＨＰが減る。
1544	309	0	運が悪いと失敗する。
1545	309	0	バハムートがいない。
1546	310	1	ネプトりゅうは約６万で倒せる
1547	310	0	どっちも絶対に倒せない
1548	310	0	両方とも約６万で倒せる
1549	310	0	バハムートのみ約６万で倒せる
1550	310	0	そんなやつ出てこない
1551	311	1	２倍速
1552	311	0	４倍速
1553	311	0	８倍速
1554	311	0	１６倍速
1555	311	0	歩く速度と一緒
1556	312	1	ファンレターをいっぱい書く人
1557	312	0	ＳＱＵＡＲＥの開発の人
1558	312	0	モニターで多大な貢献をした人
1559	312	0	ゲーム中のみの架空の人物
1560	312	0	そんな人いません
1561	313	1	召喚師
1562	313	0	賢者
1563	313	0	戦士
1564	313	0	魔剣士
1565	313	0	学者
1566	314	1	手裏剣
1567	314	0	マサムネ
1568	314	0	ラグナロク
1569	314	0	エクスカリバー
1570	314	0	ちょうろうのつえ
1571	315	1	ケルベロス
1572	315	0	２ヘッドドラゴン
1573	315	0	エキドナ
1574	315	0	アーリマン
1575	315	0	ザンデ
1576	316	1	同窓の徒
1577	316	0	師弟
1578	316	0	兄弟
1579	316	0	親子
1580	316	0	アカの他人
1581	317	1	ノア
1582	317	0	ザンデ
1583	317	0	シド
1584	317	0	ゴールドル
1585	317	0	バハムート
1586	318	1	人間の命
1587	318	0	魔力
1588	318	0	夢の世界
1589	318	0	現実の世界
1590	318	0	強靱な肉体
1591	319	1	たまねぎ
1592	319	0	きゃべつ
1593	319	0	なす
1594	319	0	きゅうり
1595	319	0	にんじん
1596	320	1	インビンシブル
1597	320	0	インビシブル
1598	320	0	インヴィンシブル
1599	320	0	インビルシブル
1600	320	0	インブィンシブル
1601	321	1	９０００円
1602	321	0	８８００円
1603	321	0	８４００円
1604	321	0	９８００円
1605	321	0	１１４００円
1606	322	1	１０月２９日
1607	322	0	１２月　６日
1608	322	0	１２月１７日
1609	322	0	１２月１８日
1610	322	0	１２月１９日
1611	323	1	８Ｍｂｉｔ
1612	323	0	１６Ｍｂｉｔ
1613	323	0	３２Ｍｂｉｔ
1614	323	0	２４Ｍｂｉｔ
1615	323	0	４Ｍｂｉｔ
1616	324	1	ちにうえたやり
1617	324	0	きゅうけつのやり
1618	324	0	かいふくのやり
1619	324	0	せんけつのやり
1620	324	0	ちみどろのやり
1621	325	1	やみのよろい
1622	325	0	あくまのよろい
1623	325	0	あんこくのよろい
1624	325	0	じゃしんのよろい
1625	325	0	ハデなよろい
1626	326	1	えいゆうのやり
1627	326	0	かみがみのやり
1628	326	0	きぼうのやり
1629	326	0	はめつのやり
1630	326	0	ひりゅうのやり
1631	327	1	ケアル４
1632	327	0	ケアル１
1633	327	0	ケアル２
1634	327	0	ケアル３
1635	327	0	ケアル５
1636	328	1	６
1637	328	0	５
1638	328	0	８
1639	328	0	１２
1640	328	0	１６
1641	329	1	８８００円
1642	329	0	８４００円
1643	329	0	９０００円
1644	329	0	９８００円
1645	329	0	１１４００円
1646	330	1	７月１９日
1647	330	0	４月２７日
1648	330	0	２月２７日
1649	330	0	４月　２日
1650	330	0	１月１７日
1651	331	1	８Ｍｂｉｔ
1652	331	0	１６Ｍｂｉｔ
1653	331	0	３２Ｍｂｉｔ
1654	331	0	２４Ｍｂｉｔ
1655	331	0	４Ｍｂｉｔ
1656	332	1	６
1657	332	0	５
1658	332	0	８
1659	332	0	１２
1660	332	0	１６
1661	333	1	竜騎士カイン
1662	333	0	ＦＡＮＴＡＳＹ６
1663	333	0	チョコボ
1664	333	0	クリスタル
1665	333	0	飛空艇
1666	334	1	かばわない
1667	334	0	かまわない
1668	334	0	かばんない
1669	334	0	わかんない
1670	334	0	たばねない
1671	335	1	ねらう
1672	335	0	わらう
1673	335	0	もらう
1674	335	0	ならう
1675	335	0	はらう
1676	336	1	ミスト
1677	336	0	三重県
1678	336	0	ミスリル
1679	336	0	ミシディア
1680	336	0	トロイア
1681	337	1	実は１０
1682	337	0	当然１
1683	337	0	すっきりくっきり１６
1684	337	0	なぜか２０
1685	337	0	アタック２５
1686	338	1	パロム
1687	338	0	ポロム
1688	338	0	ボロム
1689	338	0	バロム
1690	338	0	ハロム
1691	339	1	ポロム
1692	339	0	パロム
1693	339	0	ボロム
1694	339	0	バロム
1695	339	0	ハロム
1696	340	1	ゾンビー
1697	340	0	ゾンビ
1698	340	0	ゾーンビー
1699	340	0	ゾーンービー
1700	340	0	ズウォーンブィーッ
1701	341	1	ダイブイーグル
1702	341	0	スコシイーグル
1703	341	0	ハンブンイーグル
1704	341	0	ホトンドイーグル
1705	341	0	ゼンブイーグル
1706	342	1	プリンプリンセス
1707	342	0	レッドマシュマロ
1708	342	0	イエローゼリー
1709	342	0	ブラックプリン
1710	342	0	グリーンスライム
1711	343	1	ギルバート
1712	343	0	セシル
1713	343	0	カイン
1714	343	0	ローザ
1715	343	0	リディア
1716	344	1	テラ
1717	344	0	ギルバート
1718	344	0	ローザ
1719	344	0	エッジ
1720	344	0	シド
1721	345	1	ファイア
1722	345	0	ファイラ
1723	345	0	ファイガ
1724	345	0	ファイダ
1725	345	0	ファイル名が違います
1726	346	1	エルフィンボウ
1727	346	0	ゆみ
1728	346	0	クロスボウ
1729	346	0	グレートボウ
1730	346	0	キラーボウ
1731	347	1	暗闇
1732	347	0	マヒ
1733	347	0	眠り
1734	347	0	混乱
1735	347	0	呪い
1736	348	1	アクティブタイムバトル
1737	348	0	モーションバトル
1738	348	0	リアルタイムバトル
1739	348	0	ガードダスバトル
1740	348	0	エルサルバドル
1741	349	1	ホーリーランス
1742	349	0	こおりのやり
1743	349	0	ほのおのやり
1744	349	0	ウインドスピア
1745	349	0	スピア
1746	350	1	カイン
1747	350	0	シド
1748	350	0	パロム
1749	350	0	ギルバート
1750	350	0	リディア
1751	351	1	きづち
1752	351	0	デスブリンガー
1753	351	0	でんせつのつるぎ
1754	351	0	えんげつりん
1755	351	0	しゅりけん
1756	352	1	マヒ
1757	352	0	蛙
1758	352	0	暗闇
1759	352	0	混乱
1760	352	0	沈黙
1761	353	1	マグ→ドグ→ラグ
1762	353	0	マグ→ラグ→ドグ
1763	353	0	ラグ→ドグ→マグ
1764	353	0	ドグ→マグ→ラグ
1765	353	0	ドグ→ラグ→マグ
1766	354	1	カーバンクル
1767	354	0	ゴブリン
1768	354	0	ボム
1769	354	0	シルフ
1770	354	0	ドラゴン
1771	355	1	Ｍｙｔｈｒｉｌ
1772	355	0	Ｍｉｓｒｉｌ
1773	355	0	Ｍｉｔｈｒｉｌ
1774	355	0	Ｍｙｓｒｉｌ
1775	355	0	Ｍｉｓｓｒｉｌ
1776	356	1	あんこくのつるぎ
1777	356	0	シャドーブレイド
1778	356	0	でんせつのつるぎ
1779	356	0	ミスリルソード
1780	356	0	ラグナロク
1781	357	1	ミシディアの伝説
1782	357	0	ミスリルの伝説
1783	357	0	ミストの伝説
1784	357	0	大森林の伝説
1785	357	0	聖剣伝説ＦＦ外伝
1786	358	1	１００
1787	358	0	５０
1788	358	0	１０
1789	358	0	１０００
1790	358	0	２００
1791	359	1	ミニマム
1792	359	0	トード
1793	359	0	ポーキー
1794	359	0	ストップ
1795	359	0	アスピル
1796	360	1	シド・ポレンディーナ
1797	360	0	シド・デル・ノルテ・マルケズ
1798	360	0	シド・プレヴィア
1799	360	0	シド・ヘイズ
1800	360	0	シド・レミファ・ソラ
1801	361	1	包丁
1802	361	0	さじ
1803	361	0	味方
1804	361	0	虎鉄
1805	361	0	魔球
1806	362	1	連鎖爆発
1807	362	0	自爆
1808	362	0	リフレク
1809	362	0	サンダガ
1810	362	0	逃走
1811	363	1	３５００人
1812	363	0	４５００人
1813	363	0	５１００人
1814	363	0	５５００人
1815	363	0	６５００人
1816	364	1	ロッド
1817	364	0	へんかのロッド
1818	364	0	ようせいのロッド
1819	364	0	ほしくずのロッド
1820	364	0	リリスのロッド
1821	365	1	レッドマシュマロ
1822	365	0	オーディン
1823	365	0	アスラ
1824	365	0	ダークバハムート
1825	365	0	リヴァイアサン
1826	366	1	街のテーマ
1827	366	0	バロン王国
1828	366	0	メインテーマ
1829	366	0	プレリュード
1830	366	0	チョコボ
1831	367	1	８５０円
1832	367	0	８４０円
1833	367	0	８００円
1834	367	0	９００円
1835	367	0	９５０円
1836	368	1	セシル
1837	368	0	カイン
1838	368	0	ローザ
1839	368	0	エッジ
1840	368	0	ズー
1841	369	1	ケルティックムーン
1842	369	0	ディアフレンズ
1843	369	0	グランドフィナーレ
1844	369	0	悠久の風
1845	369	0	ザ・コンクリート
1846	370	1	アイルランド
1847	370	0	フィンランド
1848	370	0	アイスブランド
1849	370	0	アイスランド
1850	370	0	ニュージーランド
1851	371	1	ミニマムアルバム
1852	371	0	アレイズアルバム
1853	371	0	クエイクアルバム
1854	371	0	ホーリーアルバム
1855	371	0	サイレスアルバム
1856	372	1	リヴァイアサン
1857	372	0	オーディン
1858	372	0	バハムート
1859	372	0	タイタン
1860	372	0	ラムウ
1861	373	1	チョコボ
1862	373	0	ボム
1863	373	0	リリス
1864	373	0	キャプテン
1865	373	0	マリオン
1866	374	1	７歳
1867	374	0	８歳
1868	374	0	９歳
1869	374	0	６歳
1870	374	0	５歳
1871	375	1	ハミングウェイ
1872	375	0	ヒミングウェイ
1873	375	0	フミングウェイ
1874	375	0	ヘミングウェイ
1875	375	0	ホミングウェイ
1876	376	1	９個以上
1877	376	0	１～２個
1878	376	0	３～４個
1879	376	0	５～６個
1880	376	0	７～８個
1881	377	1	装備できない
1882	377	0	エッジ
1883	377	0	カイン
1884	377	0	セシル
1885	377	0	ヤン
1886	378	1	レイズ
1887	378	0	エスナ
1888	378	0	サイトロ
1889	378	0	ライブラ
1890	378	0	ケアルラ
1891	379	1	しろまほう
1892	379	0	くろまほう
1893	379	0	たたかう
1894	379	0	アイテム
1895	379	0	しょうかん
1896	380	1	防御力アップ
1897	380	0	攻撃力アップ
1898	380	0	経験値２倍
1899	380	0	ＨＰ回復
1900	380	0	敵全体にダメージ
1901	381	1	クアール
1902	381	0	ゴブリン
1903	381	0	ボム
1904	381	0	マインドフレア
1905	381	0	コカトリス
1906	382	1	アルテマ
1907	382	0	レビテト
1908	382	0	ブリンク
1909	382	0	スロウ
1910	382	0	トード
1911	383	1	機械兵
1912	383	0	重騎兵
1913	383	0	装甲兵
1914	383	0	攻撃兵
1915	383	0	巨神兵
1916	384	1	３４０００
1917	384	0	３９０００
1918	384	0	４４０００
1919	384	0	４９０００
1920	384	0	５４０００
1921	385	1	フェイズ
1922	385	0	ダークドラゴン
1923	385	0	鉄騎兵
1924	385	0	ゼムスブレス
1925	385	0	リバイアサン
1926	386	1	ルドラ
1927	386	0	エヌオー
1928	386	0	サルーイン
1929	386	0	エクスデス
1930	386	0	ケフカ
1931	387	1	ルゲイエ
1932	387	0	バルバリシア
1933	387	0	スカルミリョーネ
1934	387	0	ルビカンテ
1935	387	0	カイナッツォ
1936	388	1	ラストアーム
1937	388	0	フレイムドック
1938	388	0	魔人兵
1939	388	0	キマイラブレイン
1940	388	0	バーサオーガ
1941	389	1	ルゲイエ博士
1942	389	0	リディア
1943	389	0	自分
1944	389	0	セシル
1945	389	0	床
1946	390	1	グングニル
1947	390	0	エリクサー
1948	390	0	エクスカリバー
1949	390	0	ラグナロック
1950	390	0	ホーリーランス
1951	391	1	ホーリー
1952	391	0	トルネド
1953	391	0	メテオ
1954	391	0	アレイズ
1955	391	0	ブレイク
1956	392	1	プレイグ
1957	392	0	ルナザウルス
1958	392	0	タイダリアサン
1959	392	0	ダークバハムート
1960	392	0	白竜
1961	393	1	ゼムスキラー
1962	393	0	ピンクのシッポ
1963	393	0	ガラスのマスク
1964	393	0	クリスタルリング
1965	393	0	召還魔法ゴブリン
1966	394	1	金
1967	394	0	黒
1968	394	0	茶
1969	394	0	銀
1970	394	0	青
1971	395	1	やせチョコボ
1972	395	0	白チョコボ
1973	395	0	黒チョコボ
1974	395	0	チョコボ
1975	395	0	でぶチョコボ
1976	396	1	オールド
1977	396	0	ミニマム
1978	396	0	トード
1979	396	0	ポーキー
1980	396	0	サイトロ
1981	397	1	クルーヤ
1982	397	0	フースーヤ
1983	397	0	ゴルベーザ
1984	397	0	カイン
1985	397	0	テラ
1986	398	1	カイナッツオ
1987	398	0	スカルミリョーネ
1988	398	0	ルビカンテ
1989	398	0	バルバリシア
1990	398	0	ゴルベーザ
1991	399	1	カイン
1992	399	0	セシル
1993	399	0	ローザ
1994	399	0	リディア
1995	399	0	エッジ
1996	400	1	月
1997	400	0	地底
1998	400	0	異次元
1999	400	0	太陽
2000	400	0	クリスタルの中
2001	401	1	１２月　６日
2002	401	0	１２月１７日
2003	401	0	１２月１８日
2004	401	0	１０月２９日
2005	401	0	１２月１９日
2006	402	1	１６Ｍｂｉｔ
2007	402	0	３２Ｍｂｉｔ
2008	402	0	２４Ｍｂｉｔ
2009	402	0	８Ｍｂｉｔ
2010	402	0	４Ｍｂｉｔ
2011	403	1	９８００円
2012	403	0	８８００円
2013	403	0	８４００円
2014	403	0	９０００円
2015	403	0	１１４００円
2016	404	1	１６
2017	404	0	６
2018	404	0	５
2019	404	0	８
2020	404	0	１２
2021	405	1	にとうりゅう
2022	405	0	かばう
2023	405	0	まもり
2024	405	0	りょうてもち
2025	405	0	けんそうび
2026	406	1	けり
2027	406	0	ためる
2028	406	0	チャクラ
2029	406	0	ＨＰ３０％アップ
2030	406	0	ＨＰ１０％アップ
2031	407	1	せんせいこうげき
2032	407	0	けいかい
2033	407	0	ダッシュ
2034	407	0	ちょこまかうごく
2035	407	0	かくしつうろ
2036	408	1	全ての武器の攻撃力２倍
2037	408	0	全て命中率１００％
2038	408	0	時間がかかる
2039	408	0	落ちるまで無敵
2040	408	0	アビリティになる
2041	409	1	まさむね
2042	409	0	くない
2043	409	0	ツインランサー
2044	409	0	ライジングサン
2045	409	0	さすけのかたな
2046	410	1	なげる
2047	410	0	ぜになげ
2048	410	0	しらはどり
2049	410	0	いあいぬき
2050	410	0	かたなそうび
2051	411	1	バーサーカー
2052	411	0	バーサーカァ
2053	411	0	バーサッカー
2054	411	0	パーサーカー
2055	411	0	バーサクァー
2056	412	1	チョコボ
2057	412	0	ミシディアうさぎ
2058	412	0	蜂の群れ
2059	412	0	スカンク
2060	412	0	ユニコーン
2061	413	1	剣サイレス
2062	413	0	剣コンフュ
2063	413	0	剣メテオ
2064	413	0	剣です
2065	413	0	剣ケアル
2066	414	1	ホーリー
2067	414	0	エアロ
2068	414	0	トルネド
2069	414	0	クエイク
2070	414	0	アルテマ
2071	415	1	ちからのつえ
2072	415	0	アサシンダガー
2073	415	0	ワンダーワンド
2074	415	0	とうぞくのナイフ
2075	415	0	リリスのロッド
2076	416	1	ランダムで４回ダメージ
2077	416	0	敵全体にダメージ
2078	416	0	標的に４回ダメージ
2079	416	0	敵味方全体にダメージ
2080	416	0	１０回ダメージ
2081	417	1	ぎんのゆみや
2082	417	0	カイザーナックル
2083	417	0	アサシンダガー
2084	417	0	ほのおのロッド
2085	417	0	ワンダーワンド
2086	418	1	げんじのよろい
2087	418	0	パワーリスト
2088	418	0	きんのかみかざり
2089	418	0	げんじのたて
2090	418	0	リフレクトリング
2091	419	1	９９９
2092	419	0	９９９９
2093	419	0	９９９９９
2094	419	0	９９９９９９
2095	419	0	９９
2096	420	1	フレア
2097	420	0	ゴブリンパンチ
2098	420	0	レベル３フレア
2099	420	0	？？？？
2100	420	0	とうそう
2101	421	1	プロテスドリンク
2102	421	0	きょじんのくすり
2103	421	0	レビテト
2104	421	0	エクスポーション
2105	421	0	エーテルドライ
2106	422	1	ミールストーム
2107	422	0	さじん
2108	422	0	らくばん
2109	422	0	ソニックブーム
2110	422	0	かまいたち
2111	423	1	かえるのうた
2112	423	0	あいのうた
2113	423	0	ゆうわくのうた
2114	423	0	レクイエム
2115	423	0	えいゆうのうた
2116	424	1	ダンシングダガー
2117	424	0	マンイーター
2118	424	0	レインボードレス
2119	424	0	あかいくつ
2120	424	0	リボン
2121	425	1	ものまね師
2122	425	0	忍者
2123	425	0	賢者
2124	425	0	マスターモンク
2125	425	0	モーグリ
2126	426	1	１９歳
2127	426	0	１４歳
2128	426	0	２０歳
2129	426	0	２１歳
2130	426	0	１７歳
2131	427	1	２０歳
2132	427	0	１４歳
2133	427	0	１９歳
2134	427	0	２１歳
2135	427	0	１７歳
2136	428	1	６０歳
2137	428	0	５８歳
2138	428	0	６１歳
2139	428	0	６３歳
2140	428	0	６２歳
2141	429	1	２０歳
2142	429	0	１４歳
2143	429	0	１９歳
2144	429	0	２１歳
2145	429	0	１７歳
2146	430	1	３０ｋｍ／時
2147	430	0	２０ｋｍ／時
2148	430	0	２５ｋｍ／時
2149	430	0	３５ｋｍ／時
2150	430	0	４０ｋｍ／時
2151	431	1	３５ｋｍ／時
2152	431	0	２０ｋｍ／時
2153	431	0	２５ｋｍ／時
2154	431	0	３０ｋｍ／時
2155	431	0	４０ｋｍ／時
2156	432	1	風水士
2157	432	0	狩人
2158	432	0	赤魔道士
2159	432	0	青魔道士
2160	432	0	モンク
2161	433	1	体力
2162	433	0	力
2163	433	0	素早さ
2164	433	0	魔力
2165	433	0	ＭＰ
2166	434	1	魔力
2167	434	0	力
2168	434	0	素早さ
2169	434	0	体力
2170	434	0	ＨＰ
2171	435	1	力
2172	435	0	体力
2173	435	0	素早さ
2174	435	0	魔力
2175	435	0	ＨＰ
2176	436	1	青魔法
2177	436	0	赤魔法
2178	436	0	黄魔法
2179	436	0	白魔法
2180	436	0	黒魔法
2181	437	1	アビリティポイント
2182	437	0	キャパシティ
2183	437	0	魔法習得値
2184	437	0	技術点
2185	437	0	経験値
2186	438	1	シド・プレヴィア
2187	438	0	シド・デル・ノルテ・マルケズ
2188	438	0	シド・ポレンディーナ
2189	438	0	シド・ヘイズ
2190	438	0	シド・レミファ・ソラ
2191	439	1	バッツ
2192	439	0	ファリス
2193	439	0	レナ
2194	439	0	クルル
2195	439	0	ガラフ
2196	440	1	５８歳
2197	440	0	６０歳
2198	440	0	６１歳
2199	440	0	６３歳
2200	440	0	６２歳
2201	441	1	火力船
2202	441	0	火力船のテーマ
2203	441	0	封印されしもの
2204	441	0	ダンジョン
2205	441	0	バトル１
2206	442	1	マンボｄｅチョコボ
2207	442	0	津軽ｄｅチョコボ
2208	442	0	タンゴｄｅチョコボ
2209	442	0	サンバｄｅチョコボ
2210	442	0	テクノｄｅチョコボ
2211	443	1	マトーヤの洞窟
2212	443	0	カオスの神殿
2213	443	0	反乱軍のテーマ
2214	443	0	黒い甲冑ゴルベーザ
2215	443	0	水の巫女エリア
2216	444	1	２枚組
2217	444	0	１枚
2218	444	0	３枚組
2219	444	0	４枚組
2220	444	0	５枚組
2221	445	1	９００円
2222	445	0	８４０円
2223	445	0	８５０円
2224	445	0	８００円
2225	445	0	９５０円
2226	446	1	ディアフレンズ
2227	446	0	ケルティックムーン
2228	446	0	グランドフィナーレ
2229	446	0	悠久の風
2230	446	0	ザ・コンクリート
2231	447	1	５＋１
2232	447	0	５×１
2233	447	0	５－１
2234	447	0	５
2235	447	0	５±１
2236	448	1	フィンランド
2237	448	0	アイルランド
2238	448	0	アイスブランド
2239	448	0	アイスランド
2240	448	0	ニュージーランド
2241	449	1	ゴーン
2242	449	0	ガーン
2243	449	0	ギーン
2244	449	0	グーン
2245	449	0	ゲーン
2246	450	1	オメガ
2247	450	0	デルタ
2248	450	0	シグマ
2249	450	0	イオタ
2250	450	0	ラムダ
2251	451	1	剣アスピルとアスピル
2252	451	0	剣ファイガとファイガ
2253	451	0	剣スリプルとスリプル
2254	451	0	剣ブレイクとブレイク
2255	451	0	剣ポイズンとポイズン
2256	452	1	すっぴんに、ちょこまかうごく
2257	452	0	魔獣使いに、あやつる
2258	452	0	白魔道士に、ＨＰ３０％アップ
2259	452	0	バーサーカーに、かくとう
2260	452	0	薬師に、ちょうごう
2261	453	1	３０
2262	453	0	４０
2263	453	0	５０
2264	453	0	６０
2265	453	0	９９
2266	454	1	エヌオー
2267	454	0	ダウンテ
2268	454	0	プジャム
2269	454	0	ファーン
2270	454	0	クフェア
2271	455	1	アレクサンダー＝ハイウインド
2272	455	0	アレクファイア＝ハイウインド
2273	455	0	アレクブリザド＝ハイウインド
2274	455	0	アレクホーリー＝ハイウインド
2275	455	0	アレクオールド＝ハイウインド
2276	456	1	８回
2277	456	0	９回
2278	456	0	７回
2279	456	0	６回
2280	456	0	２回
2281	457	1	想い出のオルゴール
2282	457	0	はるかなる故郷
2283	457	0	親愛なる友へ
2284	457	0	いつの日かきっと
2285	457	0	マンボｄｅチョコボ
2286	458	1	ボコ
2287	458	0	コボ
2288	458	0	エクスデス
2289	458	0	バコ
2290	458	0	モグ
2291	459	1	クルル・マイア・バルデシオン
2292	459	0	クルル・クラウザー
2293	459	0	クルル・ブランフォード
2294	459	0	クルル・アローニィ
2295	459	0	クルル・シェール
2296	460	1	６回
2297	460	0	４回
2298	460	0	５回
2299	460	0	７回
2300	460	0	８回
2301	461	1	ラグナブレード
2302	461	0	ティンカーベル
2303	461	0	サーベル
2304	461	0	エクスカリパー
2305	461	0	飛龍の槍
2306	462	1	マスタードボム
2307	462	0	アクアブレス
2308	462	0	ホワイトウィンド
2309	462	0	レベル２オールド
2310	462	0	ミサイル
2311	463	1	ミラージュベスト
2312	463	0	エルメスの靴
2313	463	0	魔法のランプ
2314	463	0	ヒュプノクラウン
2315	463	0	盗賊の小手
2316	464	1	英雄の歌
2317	464	0	愛の歌
2318	464	0	ヒーローの歌
2319	464	0	ハクション大魔王のうた
2320	464	0	勇気の歌
2321	465	1	モンクの「けり」
2322	465	0	ものまねしの「ものまね」
2323	465	0	風水士の「ちけい」
2324	465	0	青魔導士の「ラーニング」
2325	465	0	シーフの「ぬすむ」
2326	466	1	バッツ
2327	466	0	ビッツ
2328	466	0	ブッツ
2329	466	0	ベッツ
2330	466	0	ボッツ
2331	467	1	ガラフ
2332	467	0	バッツ
2333	467	0	レナ
2334	467	0	ファリス
2335	467	0	クルル
2336	468	1	長老の森
2337	468	0	隊長の森
2338	468	0	通帳の森
2339	468	0	丁重の森
2340	468	0	盗聴の森
2341	469	1	ピアノ
2342	469	0	バイオリン
2343	469	0	フルート
2344	469	0	オーボエ
2345	469	0	トロンボーン
2346	470	1	サリサ
2347	470	0	サラサ
2348	470	0	サルサ
2349	470	0	サレサ
2350	470	0	サロサ
2351	471	1	はっきりと発音できなかった
2352	471	0	男か女か分からなかった
2353	471	0	サっちゃんとしか言えなかった
2354	471	0	自分の名前を忘れていた
2355	471	0	泣いてばかりだった
2356	472	1	６６６
2357	472	0	１０００
2358	472	0	５００
2359	472	0	７７７
2360	472	0	５５５
2361	473	1	１：００（　１分）
2362	473	0	５：００（　５分）
2363	473	0	１０：００（１０分）
2364	473	0	９９：００（９９分）
2365	473	0	３：００（　３分）
2366	474	1	火力船の中
2367	474	0	飛空艇
2368	474	0	フィールド画面
2369	474	0	戦闘画面
2370	474	0	ステータス画面
2371	475	1	ミラージュベスト
2372	475	0	プリンセスローブ
2373	475	0	レッドジャケット
2374	475	0	チョコボスーツ
2375	475	0	ボーンメイル
2376	476	1	８１９１０ギル
2377	476	0	７６７９０ギル
2378	476	0	８１９９０ギル
2379	476	0	８２５５０ギル
2380	476	0	８４４７０ギル
2381	477	1	力の魔法
2382	477	0	心の魔法
2383	477	0	体の魔法
2384	477	0	頭の魔法
2385	477	0	光の魔法
2386	478	1	３０階
2387	478	0	１０階
2388	478	0	８０階
2389	478	0	５０階
2390	478	0	１００階
2391	479	1	心を持たぬ者
2392	479	0	心暖かき者
2393	479	0	心変わりする者
2394	479	0	心いためし者
2395	479	0	心さびしい者
2396	480	1	オメガを追う者
2397	480	0	犯人を追う者
2398	480	0	真実を追う者
2399	480	0	理想を追う者
2400	480	0	女のしりを追う者
2401	481	1	１０００年
2402	481	0	１０年
2403	481	0	１００年
2404	481	0	１００００年
2405	481	0	１００００００００年
2406	482	1	ファイアビュート
2407	482	0	竜の髭
2408	482	0	ビーストキラー
2409	482	0	チェンウィップ
2410	482	0	電撃鞭
2411	483	1	与一の弓
2412	483	0	アルテミスの弓
2413	483	0	エイビスキラー
2414	483	0	エルフィンボウ
2415	483	0	疾風の弓矢
2416	484	1	正宗
2417	484	0	天のむら雲
2418	484	0	村雨
2419	484	0	菊一文字
2420	484	0	虎鉄
2421	485	1	ルーンアクス
2422	485	0	トールのハンマー
2423	485	0	巨人の斧
2424	485	0	デスシックル
2425	485	0	ウォーハンマー
2426	486	1	エクスカリバー
2427	486	0	ディフェンダー
2428	486	0	ラグナロク
2429	486	0	エンハンスソード
2430	486	0	ルーンブレイド
2431	487	1	ホーリーランス
2432	487	0	飛竜の槍
2433	487	0	ヘヴィランス
2434	487	0	パルチザン
2435	487	0	ジャベリン
2436	488	1	アサシンダガー
2437	488	0	チキンナイフ
2438	488	0	ダンシングダガー
2439	488	0	オリハルコン
2440	488	0	マインゴーシュ
2441	489	1	９匹
2442	489	0	６匹
2443	489	0	７匹
2444	489	0	８匹
2445	489	0	１０匹
2446	490	1	全員バーサクでラスボス倒した
2447	490	0	全員レベル１でクリアした
2448	490	0	宝箱回収率１００％
2449	490	0	ゾンビ４人でラスボスを倒した
2450	490	0	全員カエルでラスボスを倒した
2451	491	1	４月　２日
2452	491	0	７月１９日
2453	491	0	４月２７日
2454	491	0	２月２７日
2455	491	0	１月１７日
2456	492	1	１１４００円
2457	492	0	９８００円
2458	492	0	８８００円
2459	492	0	８４００円
2460	492	0	９０００円
2461	493	1	２４Ｍｂｉｔ
2462	493	0	３２Ｍｂｉｔ
2463	493	0	１６Ｍｂｉｔ
2464	493	0	８Ｍｂｉｔ
2465	493	0	４Ｍｂｉｔ
2466	494	1	セリスと同じ
2467	494	0	セリスの２つ下
2468	494	0	セリスの２つ上
2469	494	0	セリスの４つ上
2470	494	0	セリスの４つ下
2471	495	1	冒険家
2472	495	0	トレジャーハンター
2473	495	0	クイズハンター
2474	495	0	ドロボウ
2475	495	0	シーフ
2476	496	1	マシーナリー
2477	496	0	国王
2478	496	0	竜騎士
2479	496	0	イカサマ師
2480	496	0	双子の兄
2481	497	1	ダンカン
2482	497	0	ガダルカナル
2483	497	0	そのまんま
2484	497	0	らっきょ
2485	497	0	ラッシャー
2486	498	1	サムライ
2487	498	0	剣豪
2488	498	0	忍者
2489	498	0	機械オンチ
2490	498	0	金八
2491	499	1	カード
2492	499	0	剣
2493	499	0	槍
2494	499	0	飛空艇で突撃
2495	499	0	自爆
2496	500	1	ピクトマンサー
2497	500	0	ピクトマスター
2498	500	0	ピクトエディター
2499	500	0	画家
2500	500	0	ピクロスマスター
2501	501	1	青魔道士
2502	501	0	じじい
2503	501	0	赤魔道士
2504	501	0	黒魔道士
2505	501	0	白魔道士
2506	502	1	５月１１日
2507	502	0	３月１０日
2508	502	0	６月１３日
2509	502	0	８月１６日
2510	502	0	１月１５日
2511	503	1	２１００人
2512	503	0	２３００人
2513	503	0	２５００人
2514	503	0	３１００人
2515	503	0	３５００人
2516	504	1	５４００年前
2517	504	0	２０００年前
2518	504	0	８１００年前
2519	504	0	噴火してない
2520	504	0	３７００年前
2521	505	1	戦闘１回につき１人１回ずつ
2522	505	0	ＭＰのあるかぎり
2523	505	0	冒険１回につき１人１回ずつ
2524	505	0	魔石１つにつき１人１回ずつ
2525	505	0	戦闘１回につき１回ずつ
2526	506	1	魔法習得値
2527	506	0	キャパシティ
2528	506	0	アビリティポイント
2529	506	0	技術点
2530	506	0	経験値
2531	507	1	カッパにする
2532	507	0	敵全体にダメージ
2533	507	0	姿を消す
2534	507	0	敵を銅像に変える
2535	507	0	えびせんアタック
2536	508	1	ヴァリガルマンダ
2537	508	0	ヴァルガマリンダ
2538	508	0	ヴァルガリマンダ
2539	508	0	ヴァガリルマンダ
2540	508	0	ヴァリルガマンダ
2541	509	1	１５０ｋｍ／時
2542	509	0	１８０ｋｍ／時
2543	509	0	２１０ｋｍ／時
2544	509	0	２４０ｋｍ／時
2545	509	0	１２０ｋｍ／時
2546	510	1	とうぞくのうでわ
2547	510	0	とうぞくのこて
2548	510	0	ブラックベルト
2549	510	0	リボン
2550	510	0	げんじのこて
2551	511	1	回復魔法
2552	511	0	白魔法
2553	511	0	召喚魔法
2554	511	0	間接魔法
2555	511	0	黒魔法
2556	512	1	魔封剣
2557	512	0	魔法剣
2558	512	0	魔法陣
2559	512	0	魔導船
2560	512	0	魔導剣
2561	513	1	素早さ＋１
2562	513	0	ＨＰ＋３０％
2563	513	0	力＋２
2564	513	0	体力＋１
2565	513	0	力＋３
2566	514	1	６
2567	514	0	７
2568	514	0	１６
2569	514	0	８
2570	514	0	３１
2571	515	1	アスピル
2572	515	0	ケアルラ
2573	515	0	ファイガ
2574	515	0	レイズ
2575	515	0	エスナ
2576	516	1	２００
2577	516	0	１６４
2578	516	0	１７２
2579	516	0	１９８
2580	516	0	１５６
2581	517	1	敵味方全体
2582	517	0	敵全体
2583	517	0	味方全体
2584	517	0	自分
2585	517	0	テレビの前のあなたにも
2586	518	1	黙
2587	518	0	静
2588	518	0	沈
2589	518	0	？
2590	518	0	！
2591	519	1	間接魔法
2592	519	0	黒魔法
2593	519	0	召喚魔法
2594	519	0	時空魔法
2595	519	0	灰魔法
2596	520	1	黒
2597	520	0	白
2598	520	0	青
2599	520	0	５色
2600	520	0	橙
2601	521	1	ブレイクブレイド
2602	521	0	ブレイドブレイド
2603	521	0	ブレイブブレイド
2604	521	0	ブレインブレイド
2605	521	0	ブレイズブレイド
2606	522	1	バスタードソード
2607	522	0	オートクレール
2608	522	0	トリプルソード
2609	522	0	ヴォーパルソード
2610	522	0	ダート
2611	523	1	タイガーマスク
2612	523	0	きょじんのはし
2613	523	0	サインはレ
2614	523	0	あしたのジャー
2615	523	0	エースをわらえ
2616	524	1	ねぶくろ
2617	524	0	いちりんしゃ
2618	524	0	スーパーテント
2619	524	0	ゲームソフト
2620	524	0	ローラースケート
2621	525	1	エーテルターボ
2622	525	0	エーテルジェット
2623	525	0	すごいエーテル
2624	525	0	エーテルハンター
2625	525	0	エーテルダイナマイト
2626	526	1	目薬
2627	526	0	日薬
2628	526	0	日楽
2629	526	0	目楽
2630	526	0	円薬
2631	527	1	イエローチェリー
2632	527	0	ポーション
2633	527	0	どくけし
2634	527	0	めぐすり
2635	527	0	やまびこえんまく
2636	528	1	ソウル　オブ　サマサ
2637	528	0	ソウル　オブ　サカサ
2638	528	0	ソウル　オブ　ナマサ
2639	528	0	ソウルスティール
2640	528	0	ソウル　イン　クワンコク
2641	529	1	敵全滅
2642	529	0	２０万ギル払い戻し
2643	529	0	味方全滅
2644	529	0	７７７ダメージ
2645	529	0	バグって進めなくなる
2646	530	1	乱
2647	530	0	龍
2648	530	0	虎
2649	530	0	舞
2650	530	0	空
2651	531	1	リフレク？？？？
2652	531	0	じばく
2653	531	0	アスピル
2654	531	0	ゆうごう
2655	531	0	しのルーレット
2656	532	1	サイドアタック
2657	532	0	バックアタック
2658	532	0	敵の先制攻撃
2659	532	0	はさみうち
2660	532	0	通常戦闘
2661	533	1	ゆうき
2662	533	0	アェウクス
2663	533	0	いばら
2664	533	0	ざせつ
2665	533	0	のばら
2666	534	1	ブリザドビーム
2667	534	0	ヒールフォース
2668	534	0	ファイアビーム
2669	534	0	サンダービーム
2670	534	0	バイオブラスター
2671	535	1	８００円
2672	535	0	８４０円
2673	535	0	８５０円
2674	535	0	９００円
2675	535	0	９５０円
2676	536	1	３枚組
2677	536	0	１枚
2678	536	0	２枚組
2679	536	0	４枚組
2680	536	0	５枚組
2681	537	1	モグのテーマ
2682	537	0	ティナのテーマ
2683	537	0	エドガー・マッシュのテーマ
2684	537	0	ストラゴスのテーマ
2685	537	0	ロックのテーマ
2686	538	1	グランドフィナーレ
2687	538	0	ケルティックムーン
2688	538	0	ディアフレンズ
2689	538	0	悠久の風
2690	538	0	ザ・コンクリート
2691	539	1	ザ・コンプリート
2692	539	0	ザ・コンクリート
2693	539	0	ザ・コンブリート
2694	539	0	ザ・コントラスト
2695	539	0	ザ・コンデンサー
2696	540	1	いちげきのダーツ
2697	540	0	いちげきのやいば
2698	540	0	くんしょう
2699	540	0	エリクサー
2700	540	0	ざんてつけん
2701	541	1	あめのむらくも
2702	541	0	ホーリーランス
2703	541	0	まさむね
2704	541	0	ウィザードロッド
2705	541	0	かげぬい
2706	542	1	ブラックジャック
2707	542	0	クリベッジ
2708	542	0	ジンラミー
2709	542	0	ダウト
2710	542	0	セブンブリッジ
2711	543	1	４８
2712	543	0	６４
2713	543	0	３２
2714	543	0	２４
2715	543	0	１６
2716	544	1	スピットファイア
2717	544	0	シュツーカ
2718	544	0	ヘルキャット
2719	544	0	シュトルモビク
2720	544	0	ゼロファイター
2721	545	1	Ｐ－４０トマホーク
2722	545	0	Ｐ－３８ライトニング
2723	545	0	Ｐ－３９エアラコブラ
2724	545	0	Ｐ－４７サンダーボルト
2725	545	0	Ｐ－５１ムスタング
2726	546	1	ＭＰ＋５０％
2727	546	0	ＨＰ＋５０％
2728	546	0	力＋３
2729	546	0	体力＋３
2730	546	0	魔力＋３
2731	547	1	インフェルノ
2732	547	0	シュミット
2733	547	0	ガーディアン
2734	547	0	プロメテウス
2735	547	0	イノセント
2736	548	1	ダイビング・ボム
2737	548	0	ミンディアうさぎ
2738	548	0	スリーフラッシュ
2739	548	0	モーグリダッシュ
2740	548	0	ブラッディカード
2741	549	1	１５０
2742	549	0	５０
2743	549	0	３００
2744	549	0	５００
2745	549	0	２５０
2746	550	1	エンジェルフェザー
2747	550	0	バブルブロウ
2748	550	0	トライディザスター
2749	550	0	ケフカアタック
2750	550	0	ホーリーブライトン
2751	551	1	表裏一体のコイン
2752	551	0	母の形見のお守り
2753	551	0	金
2754	551	0	女
2755	551	0	祖父の短剣
2756	552	1	動いたら死ぬぞ！！
2757	552	0	動いたら打つぞ！！
2758	552	0	動いたらすごい！！
2759	552	0	動いたらバカ！！！
2760	552	0	動いたら終わり！！
2761	553	1	マディン
2762	553	0	ラムウ
2763	553	0	マドィン
2764	553	0	レオ
2765	553	0	ガストラ
2766	554	1	マツスルベルト
2767	554	0	イルルカンカシュ
2768	554	0	クラウド
2769	554	0	ルク
2770	554	0	ブレイクブレイト
2771	555	1	クリュメヌス
2772	555	0	クラウド
2773	555	0	ムー
2774	555	0	リン
2775	555	0	ドーベルマン
2776	556	1	植松
2777	556	0	松下
2778	556	0	梅田
2779	556	0	竹本
2780	556	0	竹山
2781	557	1	モルル
2782	557	0	モロロ
2783	557	0	ボコ
2784	557	0	モガ
2785	557	0	モグール
2786	558	1	ティナのテーマ
2787	558	0	アリア
2788	558	0	仲間を求めて
2789	558	0	リルムのテーマ
2790	558	0	決戦
2791	559	1	６分
2792	559	0	３分
2793	559	0	４分
2794	559	0	５分
2795	559	0	７分
2796	560	1	餓狼伝説シリーズ
2797	560	0	ストリートファイターシリーズ
2798	560	0	鉄拳シリーズ
2799	560	0	バーチャファイターシリーズ
2800	560	0	ＴＯＢＡＬ　ＮＯ．１
2801	561	1	マリア＝セリス
2802	561	0	ジェフ＝エドガー
2803	561	0	血塗られた盾＝英雄の盾
2804	561	0	シャドウ＝クライド
2805	561	0	オーディン＝ライディーン
2806	562	1	ゲームオーバー
2807	562	0	メンバー全員入れ替え
2808	562	0	最後に死んだメンバーのみ入替
2809	562	0	世界が破滅するエンディング
2810	562	0	戦闘のはじめからやり直し
2811	563	1	１７
2812	563	0	１０
2813	563	0	１２
2814	563	0	１５
2815	563	0	２０
2816	564	1	１４人
2817	564	0	８人
2818	564	0	１０人
2819	564	0	１２人
2820	564	0	１６人
2821	565	1	いのる
2822	565	0	かくれる
2823	565	0	おもいだす
2824	565	0	うたう
2825	565	0	まもられる
2826	566	1	みずのハーモニー
2827	566	0	あいのセレナーデ
2828	566	0	ゆきだるまロンド
2829	566	0	もりのノクターン
2830	566	0	かぜのラプソディ
2831	567	1	↑／→＼↓／←
2832	567	0	←／↓＼→
2833	567	0	←＼↑／→＼↓／←
2834	567	0	←→←
2835	567	0	ＲＬＸＹ←→
2836	568	1	シャドウ＆リルム
2837	568	0	シド＆セリス
2838	568	0	ストラゴス＆シャドウ
2839	568	0	カイエン＆ガウ
2840	568	0	マッシュ＆エドガー
2841	569	1	きかい
2842	569	0	ジャンプ
2843	569	0	くどく
2844	569	0	コイントス
2845	569	0	マスコンバット
2846	570	1	地中にもぐる
2847	570	0	宇宙船になる
2848	570	0	ロボットにトランスフォーム
2849	570	0	自爆する
2850	570	0	そんなものはない
2851	571	1	６時１０分５０秒
2852	571	0	２時１０分１０秒
2853	571	0	６時１０分１０秒
2854	571	0	１０時１０分１０秒
2855	571	0	１０時１０分５０秒
2856	572	1	マドリーヌ
2857	572	0	レイチェル
2858	572	0	マディン
2859	572	0	マリー・イボンスカヤ
2860	572	0	リディア
2861	573	1	１０７５０ギル
2862	573	0	９２５０ギル
2863	573	0	９５００ギル
2864	573	0	１１０００ギル
2865	573	0	１８２５０ギル
2866	574	1	モグモグ
2867	574	0	モグッチ
2868	574	0	モグプウ
2869	574	0	モグリン
2870	574	0	モグタン
2871	575	1	モグチン
2872	575	0	モグール
2873	575	0	ズモモグ
2874	575	0	モグシン
2875	575	0	モグポン
2876	576	1	レッドドラゴン
2877	576	0	ブルードラゴン
2878	576	0	イエロードラゴン
2879	576	0	スカルドラゴン
2880	576	0	アースドラゴン
2881	577	1	８４
2882	577	0	９４
2883	577	0	５２
2884	577	0	１３
2885	577	0	４４
2886	578	1	あいのセレナーデ
2887	578	0	みずのハーモニー
2888	578	0	やみのレクイエム
2889	578	0	だいちのブルース
2890	578	0	かぜのラプソティ
2891	579	1	ノクターン
2892	579	0	ラプソディ
2893	579	0	ララバイ
2894	579	0	レクイエム
2895	579	0	ロンド
2896	580	1	９９：５９
2897	580	0	９９：９９
2898	580	0	１００：００
2899	580	0	５９：００
2900	580	0	５９：５９
2901	581	1	そのまま
2902	581	0	０にもどる
2903	581	0	ボーナスゲームができる
2904	581	0	セーブが消える
2905	581	0	爆発する
2906	582	1	ミスリルソード
2907	582	0	ミスリルスピア
2908	582	0	ミスリルナイフ
2909	582	0	ミスリルプレート
2910	582	0	すで
2911	583	1	大きな熊
2912	583	0	小さな犬
2913	583	0	大きなパンダ
2914	583	0	小さなリス
2915	583	0	大きなモーグリ
2916	584	1	ミスリルナイフ
2917	584	0	ミスリルソード
2918	584	0	グレートソード
2919	584	0	タガー
2920	584	0	すで
2921	585	1	タガー
2922	585	0	ミスリルナイフ
2923	585	0	ミスリルソード
2924	585	0	盗賊のナイフ
2925	585	0	すで
2926	586	1	神官
2927	586	0	占い師
2928	586	0	僧侶
2929	586	0	賢者
2930	586	0	尊師
2931	587	1	すで
2932	587	0	グレートソード
2933	587	0	アイアンソード
2934	587	0	ミスリルソード
2935	587	0	ラグナロク
2936	588	1	とりつく
2937	588	0	のろう
2938	588	0	うらむ
2939	588	0	ふゆう
2940	588	0	そんなものはない
2941	589	1	帝国の攻撃
2942	589	0	ロックの身代わり
2943	589	0	心臓病
2944	589	0	自殺
2945	589	0	死んではいない
2946	590	1	ダンチョー
2947	590	0	おかしら
2948	590	0	棟梁
2949	590	0	ボス
2950	590	0	タイチョー
2951	591	1	アルテマウェポン
2952	591	0	アルテマバスター
2953	591	0	バリアントナイフ
2954	591	0	ラグナロク
2955	591	0	ライトブリンガー
2956	592	1	ロック
2957	592	0	ラック
2958	592	0	リック
2959	592	0	ルック
2960	592	0	レック
2961	593	1	フランス人
2962	593	0	イギリス人
2963	593	0	ギリシャ人
2964	593	0	日本人
2965	593	0	ネアンデルタール人
2966	594	1	アースドラゴン
2967	594	0	ウェアドラゴン
2968	594	0	オールドドラゴン
2969	594	0	カオスドラゴン
2970	594	0	ドラゴン
2971	595	1	ミドガルズオルム
2972	595	0	カトパブレス
2973	595	0	セラフィン
2974	595	0	ライデェーン
2975	595	0	アレキサンダー
2976	596	1	ハウンドタックル
2977	596	0	ライオットソード
2978	596	0	ミラージュダイブ
2979	596	0	燕返し
2980	596	0	スタープリズム
2981	597	1	斬鉄剣
2982	597	0	斬鉄拳
2983	597	0	斬鐵剣
2984	597	0	真・斬鉄剣
2985	597	0	残鐵券
2986	598	1	ブラストボイス
2987	598	0	ウイークメーカー
2988	598	0	エアアンカー
2989	598	0	バイオブラスト
2990	598	0	サンビーム
2991	599	1	ダークドラゴン
2992	599	0	ホーリードラゴン
2993	599	0	アースドラゴン
2994	599	0	スカルドラゴン
2995	599	0	レッドドラゴン
2996	600	1	タイタン
2997	600	0	マディン
2998	600	0	イフリート
2999	600	0	シヴァ
3000	600	0	ファントム
3001	601	1	北魔晄炉
3002	601	0	東魔晄炉
3003	601	0	西魔晄炉
3004	601	0	南魔晄炉
3005	601	0	神羅カンパニー本部
3006	602	1	壱
3007	602	0	弐
3008	602	0	参
3009	602	0	五
3010	602	0	八
3011	603	1	サンダー
3012	603	0	ファイア
3013	603	0	ブリザド
3014	603	0	グラビデ
3015	603	0	ケアル
3016	604	1	ディーングロウ
3017	604	0	ガードハウンド
3018	604	0	戦闘員
3019	604	0	ヘッジホッグパイ
3020	604	0	スイーパー
3021	605	1	３分
3022	605	0	１分
3023	605	0	２分
3024	605	0	４分
3025	605	0	５分
3026	606	1	戦闘員
3027	606	0	警備兵
3028	606	0	ガードハウンド
3029	606	0	擲弾兵
3030	606	0	ヘッジホッグパイ
3031	607	1	２０
3032	607	0	４
3033	607	0	５
3034	607	0	８
3035	607	0	４０
3036	608	1	Ｓａ・Ｇａ３　時空の覇者
3037	608	0	魔界塔士Ｓａ・Ｇａ
3038	608	0	Ｓａ・Ｇａ２　秘宝伝説
3039	608	0	ロマンシング　サガ
3040	608	0	ロマンシング　サガ２
3041	609	1	備前国
3042	609	0	越前国
3043	609	0	越後国
3044	609	0	備後国
3045	609	0	日本国
3046	610	1	エアリス
3047	610	0	シド
3048	610	0	バッツ
3049	610	0	ケット・シー
3050	610	0	ティファ
3051	611	1	プレイステーション
3052	611	0	ＰＣ－ＦＸ
3053	611	0	ＴＶ－ＢＯＹ
3054	611	0	３ＤＯ　ＴＲＹ
3055	611	0	テラドライブ
3056	612	1	１月３１日
3057	612	0	７月１１日
3058	612	0	３月２１日
3059	612	0	４月２５日
3060	612	0	６月１３日
3061	613	1	ＣＤ３枚組
3062	613	0	ＣＤ２枚組
3063	613	0	ＣＤ４枚組
3064	613	0	カートリッジ
3065	613	0	ディスク両面
3066	614	1	６８００円
3067	614	0	５８００円
3068	614	0	４８００円
3069	614	0	３８００円
3070	614	0	２８００円
3071	615	1	マテリア
3072	615	0	マラリア
3073	615	0	魔石
3074	615	0	アクセサリ
3075	615	0	オーブ
3076	616	1	６０
3077	616	0	３０
3078	616	0	４０
3079	616	0	５０
3080	616	0	９９
3081	617	1	瀕死＋ミニマム
3082	617	0	怒り＋眠り
3083	617	0	マヒ＋毒
3084	617	0	ＨＰもＭＰも１になる
3085	617	0	即死＋蛙
3086	618	1	ムカ百式九〇
3087	618	0	魔胱列車Ｎｏ．２
3088	618	0	神羅ＳＡ－３７式
3089	618	0	魔列車百式
3090	618	0	ＳＱＵＡＲＥ
3091	619	1	５人
3092	619	0	２人
3093	619	0	３人
3094	619	0	４人
3095	619	0	６人
3096	620	1	８
3097	620	0	４
3098	620	0	６
3099	620	0	１０
3100	620	0	１２
3101	621	1	ウェッジ
3102	621	0	ビッグス
3103	621	0	ジェシー
3104	621	0	バレット
3105	621	0	エアリス
3106	622	1	ビッグス
3107	622	0	ウェッジ
3108	622	0	ジェシー
3109	622	0	バレット
3110	622	0	エアリス
3111	623	1	魔晄炉
3112	623	0	魔導発電所
3113	623	0	魔導研究所
3114	623	0	魔電炉
3115	623	0	発電炉
3116	624	1	３２歳
3117	624	0	２２歳
3118	624	0	４２歳
3119	624	0	５２歳
3120	624	0	６２歳
3121	625	1	ツイスト
3122	625	0	ポニーテール
3123	625	0	三つ編み
3124	625	0	モヒカン
3125	625	0	パンチパーマ
3126	626	1	３５歳
3127	626	0	２５歳
3128	626	0	４５歳
3129	626	0	５５歳
3130	626	0	６５歳
3131	627	1	２０歳
3132	627	0	１０歳
3133	627	0	１５歳
3134	627	0	２５歳
3135	627	0	３０歳
3136	628	1	ハイウインド
3137	628	0	エンタープライズ
3138	628	0	ブラックジャック
3139	628	0	ファルコン
3140	628	0	インビンシブル
3141	629	1	２９歳
3142	629	0	１９歳
3143	629	0	３９歳
3144	629	0	４９歳
3145	629	0	５９歳
3146	630	1	雪崩
3147	630	0	地下組織
3148	630	0	反乱軍
3149	630	0	昼食
3150	630	0	自由
3151	631	1	２１
3152	631	0	１８
3153	631	0	１９
3154	631	0	２０
3155	631	0	２２
3156	632	1	花売り
3157	632	0	踊り子
3158	632	0	無職
3159	632	0	白魔導士
3160	632	0	召喚士
3161	633	1	無職
3162	633	0	学者
3163	633	0	アサシン
3164	633	0	忍者
3165	633	0	トレジャーハンター
3166	634	1	マテリアハンター
3167	634	0	魔石ハンター
3168	634	0	クリスタルハンター
3169	634	0	トレジャーハンター
3170	634	0	アニマルハンター
3171	635	1	２２才
3172	635	0	２０才
3173	635	0	１８才
3174	635	0	１６才
3175	635	0	２４才
3176	636	1	１６才
3177	636	0	１８才
3178	636	0	２０才
3179	636	0	２２才
3180	636	0	１４才
3181	637	1	レッドＸＩＩＩ
3182	637	0	ユフィ
3183	637	0	シド
3184	637	0	バレッド
3185	637	0	ヴィンセント
3186	638	1	ＳＥＣ
3187	638	0	ＳＣＥ
3188	638	0	ＳＱＵＡＲＥ
3189	638	0	ＳＦＸ
3190	638	0	ＳＦＣ
3191	639	1	ケット・シー
3192	639	0	ユフィ
3193	639	0	エアリス
3194	639	0	クラウド
3195	639	0	バレッド
3196	640	1	ＶＨ－Ｒハーディデイトナ
3197	640	0	神羅ＳＡ－２７式
3198	640	0	神羅ＳＡ－３７式
3199	640	0	神羅ＰＡ－８６式
3200	640	0	チョコボ
3201	641	1	３３０倍
3202	641	0	１００倍
3203	641	0	２０２倍
3204	641	0	７７７倍
3205	641	0	３倍
3206	642	1	火気厳禁
3207	642	0	天地無用
3208	642	0	要冷凍
3209	642	0	われもの注意
3210	642	0	何も書かれていない
3211	643	1	ＬＶ３
3212	643	0	ＬＶ１
3213	643	0	ＬＶ２
3214	643	0	ＬＶ４
3215	643	0	ＬＶ５
3216	644	1	色即是空
3217	644	0	森羅万象
3218	644	0	画龍点晴
3219	644	0	一石二鳥
3220	644	0	喜怒哀楽
3221	645	1	０時２３分
3222	645	0	１０時０７分
3223	645	0	１１時１１分
3224	645	0	０１時４９分
3225	645	0	０２時００分
3226	646	1	０５時０４分
3227	646	0	０３時１５分
3228	646	0	０４時５５分
3229	646	0	０６時１０分
3230	646	0	０７時３６分
3231	647	1	１００００ＧＰ
3232	647	0	１００ＧＰ
3233	647	0	１０００ＧＰ
3234	647	0	９９９９ＧＰ
3235	647	0	９９９９９ＧＰ
3236	648	1	６５０００
3237	648	0	３２５００
3238	648	0	１６２５０
3239	648	0	８１２５
3240	648	0	１３００００
3241	649	1	怒
3242	649	0	喜
3243	649	0	哀
3244	649	0	楽
3245	649	0	鳥
3246	650	1	神羅製作所総務部調査課
3247	650	0	神羅都市開発部門
3248	650	0	神羅科学部門
3249	650	0	神羅宇宙開発部門
3250	650	0	神羅治安維持部門
3251	651	1	神羅２６号
3252	651	0	神羅２４号
3253	651	0	神羅２５号
3254	651	0	神羅２７号
3255	651	0	神羅２８号
3256	652	1	コスモキャニオン
3257	652	0	ミッドガル
3258	652	0	カーム
3259	652	0	コレル
3260	652	0	ボーンビレッヂ
3261	653	1	２６度
3262	653	0	２０度
3263	653	0	２４度
3264	653	0	２８度
3265	653	0	３０度
3266	654	1	３
3267	654	0	１
3268	654	0	５
3269	654	0	１０
3270	654	0	一つも持っていない
3271	655	1	ＬＶ　６
3272	655	0	ＬＶ　１
3273	655	0	ＬＶ　７
3274	655	0	ＬＶ１０
3275	655	0	ＬＶ１２
3276	656	1	バスタードソード
3277	656	0	ナイフ
3278	656	0	正宗
3279	656	0	ミスリルソード
3280	656	0	アイアンソード
3281	657	1	「れいき」と「いかずち」
3282	657	0	「れいき」
3283	657	0	「ほのお」
3284	657	0	「いかずち」
3285	657	0	「ほのお」と「れいき」
3286	658	1	１０分
3287	658	0	１分
3288	658	0	３分
3289	658	0	５分
3290	658	0	９分
3291	659	1	壱番魔胱炉
3292	659	0	五番魔胱炉
3293	659	0	九番魔胱炉
3294	659	0	０番街
3295	659	0	神羅カンパニー本部
3296	660	1	警備兵
3297	660	0	戦闘員
3298	660	0	擲弾兵
3299	660	0	親衛隊員
3300	660	0	ソルジャー：３ＲＤ
3301	661	1	森羅万象
3302	661	0	森羅万歳
3303	661	0	新羅万象
3304	661	0	神羅万象
3305	661	0	神羅万歳
3306	662	1	パーティー編成システム
3307	662	0	パーソナル編成システム
3308	662	0	パーティー変化システム
3309	662	0	パーティー平成システム
3310	662	0	パーソナル変化ンシステム
3311	663	1	エーテル
3312	663	0	ハイポーション
3313	663	0	テント
3314	663	0	エクスポーション
3315	663	0	ラストエリクサー
3316	664	1	緑
3317	664	0	赤
3318	664	0	青
3319	664	0	黄色
3320	664	0	黒
3321	665	1	青
3322	665	0	緑
3323	665	0	金色
3324	665	0	黄色
3325	665	0	白
3326	666	1	金色
3327	666	0	緑
3328	666	0	青
3329	666	0	黄色
3330	666	0	黒
3331	667	1	曲数が違う
3332	667	0	ケースのサイズが違う
3333	667	0	値段が違う
3334	667	0	生産数が違う
3335	667	0	付録が違う
3336	668	1	ザンガン
3337	668	0	マッシュ
3338	668	0	ダンカン
3339	668	0	セフィロス
3340	668	0	ティファパパ
3341	669	1	５人
3342	669	0	２人
3343	669	0	３人
3344	669	0	４人
3345	669	0	７人
3346	670	1	イファルナ
3347	670	0	エルミナ
3348	670	0	エレノア
3349	670	0	エスト
3350	670	0	ルクレツィア
3351	671	1	エレノア
3352	671	0	エルミナ
3353	671	0	ルクレツィア
3354	671	0	イファルナ
3355	671	0	エスト
3356	672	1	エルミナ
3357	672	0	エスト
3358	672	0	ルクレツィア
3359	672	0	エレノア
3360	672	0	イファルナ
3361	673	1	ダイン
3362	673	0	バレット
3363	673	0	シド
3364	673	0	宝条
3365	673	0	プレジデント神羅
3366	674	1	７０階
3367	674	0	３０階
3368	674	0	５０階
3369	674	0	９０階
3370	674	0	１００階
3371	675	1	スターレット
3372	675	0	シルドラ・イン
3373	675	0	コスモキャンドル
3374	675	0	ライフストリーム
3375	675	0	アバランチ
3376	676	1	ジェノバ・ＴＲＡＮＳＦＯＲＭ
3377	676	0	ジェノバ・ＢＩＲＴＨ
3378	676	0	ジェノバ・ＬＩＦＥ
3379	676	0	ジェノバ・ＤＥＡＴＨ
3380	676	0	ジェノバ・ＳＹＮＴＨＥＳＩＳ
3381	677	1	エンハンスソード
3382	677	0	ラグナロク
3383	677	0	釘バット
3384	677	0	オーガニクス
3385	677	0	クリスタルソード
3386	678	1	陸奥守吉行
3387	678	0	天の叢雲
3388	678	0	ルーンブレイド
3389	678	0	フォースイーター
3390	678	0	ルーンブレイド
3391	679	1	カイザーナックル
3392	679	0	マスターフィスト
3393	679	0	ゴッドハンド
3394	679	0	タイガーファング
3395	679	0	軍手
3396	680	1	ロケットパンチ
3397	680	0	ミッシングスコア
3398	680	0	マキシマムレイ
3399	680	0	ソリッドバズーカ
3400	680	0	Ａ・Ｍキャノン
3401	681	1	エジンコート
3402	681	0	リミテッドムーン
3403	681	0	正宗
3404	681	0	ロンギヌス
3405	681	0	スターライトホン
3406	682	1	不倶戴天
3407	682	0	鎧袖一触
3408	682	0	生者必滅
3409	682	0	血祭
3410	682	0	森羅万象
3411	683	1	３０００００ギル
3412	683	0	６０００００ギル
3413	683	0	９０００００ギル
3414	683	0	１２０００００ギル
3415	683	0	１５０００００ギル
3416	684	1	ナンバー４と５
3417	684	0	ナンバー１
3418	684	0	ナンバー２
3419	684	0	ナンバー３
3420	684	0	ナンバー６
3421	685	1	３つ
3422	685	0	１つ
3423	685	0	２つ
3424	685	0	４つ
3425	685	0	無し
3426	686	1	古留根尾
3427	686	0	子瑠寝尾
3428	686	0	古流寝雄
3429	686	0	子留値汚
3430	686	0	虎流音生
3431	687	1	パロムの実
3432	687	0	ポロフの実
3433	687	0	ラサンの実
3434	687	0	ルチルの実
3435	687	0	ゼイオの実
3436	688	1	ポロムの実
3437	688	0	パラムの実
3438	688	0	サラハの実
3439	688	0	ピピオの実
3440	688	0	カラブの実
3441	689	1	２００ギル
3442	689	0	１００ギル
3443	689	0	５０ギル
3444	689	0	１５０ギル
3445	689	0	１０ギル
3446	690	1	ワーカー
3447	690	0	ビースト
3448	690	0	ワイバーン
3449	690	0	コマンダー
3450	690	0	バーバリアン
3451	691	1	チョコボにもらう
3452	691	0	プリシラにもらう
3453	691	0	グリングリンから買う
3454	691	0	マテリアの洞窟で拾う
3455	691	0	ブーゲンハーゲンにもらう
3456	692	1	アイシクルエリア
3457	692	0	ウータイエリア
3458	692	0	ミディールエリア
3459	692	0	ノースコレルエリア
3460	692	0	ラウンドアイランド
3461	693	1	ジェシー
3462	693	0	エアリス
3463	693	0	ティファ
3464	693	0	ユフィ
3465	693	0	バレット
3466	694	1	４歳
3467	694	0	１歳
3468	694	0	２歳
3469	694	0	３歳
3470	694	0	５歳
3471	695	1	ナナキ
3472	695	0	セト
3473	695	0	キキナ
3474	695	0	セブン
3475	695	0	キナナ
3476	696	1	９９
3477	696	0	９９０００
3478	696	0	９９００
3479	696	0	９９０
3480	696	0	９
3481	697	1	ヤマスキー
3482	697	0	ナツスキー
3483	697	0	チャイコスキー
3484	697	0	ハルスキー
3485	697	0	スノボー
3486	698	1	消滅
3487	698	0	重力
3488	698	0	ほのお
3489	698	0	タイタン
3490	698	0	アレキサンダー
3491	699	1	セブンスヘブン
3492	699	0	ヘブンスセブン
3493	699	0	ヘブンスヘル
3494	699	0	セブンスヘル
3495	699	0	セブンスセブン
3496	700	1	「すり潰すわよ」
3497	700	0	「・・・切り落とすぞ」
3498	700	0	「ねじり切っちゃうわよ」
3499	700	0	「すりおろすわよ」
3500	700	0	「切り取っちゃうわよ」
3501	701	1	リーブ
3502	701	0	ツォン
3503	701	0	レノ
3504	701	0	イリーナ
3505	701	0	ルード
3506	702	1	フィールドマップの森
3507	702	0	フィールドマップのどこでも
3508	702	0	フィールドマップの平原
3509	702	0	ゴールドソーサー
3510	702	0	ウータイの五重の塔
3511	703	1	リヴァイアサン
3512	703	0	バハムート
3513	703	0	シヴァ
3514	703	0	ナイツオブグラウンド
3515	703	0	チョコボ
3516	704	1	バレンタイン
3517	704	0	ゲインズブール
3518	704	0	ロックハート
3519	704	0	ストライフ
3520	704	0	ウォーレス
3521	705	1	レノ
3522	705	0	ツォン
3523	705	0	ルーファウス
3524	705	0	イリーナ
3525	705	0	ルード
3526	706	1	レベル３コンフュ
3527	706	0	？？？？
3528	706	0	レベル５デス
3529	706	0	なんとか？？？？
3530	706	0	レベル４自爆
3531	707	1	ファイナルアタック
3532	707	0	マスターまほう
3533	707	0	てきのわざ
3534	707	0	マスターしょうかん
3535	707	0	マスターコマンド
3536	708	1	５／　４
3537	708	0	２／２２
3538	708	0	２／　７
3539	708	0	１０／１３
3540	708	0	８／１１
3541	709	1	ネグリジェ
3542	709	0	シルクのドレス
3543	709	0	ブロンドのカツラ
3544	709	0	ダイヤのティアラ
3545	709	0	蜜蜂の館会員カード
3546	710	1	１／３０神羅兵
3547	710	0	反射ミラー
3548	710	0	２０３ミリ砲弾
3549	710	0	サイン色紙
3550	710	0	マサムネブレード
3551	711	1	Ｐｒａｙ
3552	711	0	Ｐｌａｙ
3553	711	0	Ｐｒｅｙ
3554	711	0	Ｇｒａｙ
3555	711	0	Ｄｒｙ
3556	712	1	チョコボ
3557	712	0	プレリュード
3558	712	0	ファイナルファンタジー
3559	712	0	マトーヤの洞窟
3560	712	0	ティナのテーマ
3561	713	1	メインテーマ（ＦＦ２）
3562	713	0	メインテーマ（ＦＦ１）
3563	713	0	メインテーマ（ＦＦ３）
3564	713	0	メインテーマ（ＦＦ５）
3565	713	0	メインテーマ（ＦＦ４）
3566	714	1	Ｌｏｖｅ　Ｗｉｌｌ　Ｇｒｏｗ
3567	714	0	Ｌｏｖｅ　Ｗｉｌｌ　Ｇｌｏｗ
3568	714	0	Ｌｏｖｅ　Ｗｉｌｌ　Ｇｌｅｗ
3569	714	0	Ｌｏｖｅ　Ｗｅｌｌ　Ｇｒｏｗ
3570	714	0	Ｌｏｖｅ　Ｗｅｌｌ　Ｇｌｏｗ
3571	715	1	メインテーマ（ＦＦ２）
3572	715	0	メインテーマ（ＦＦ１）
3573	715	0	メインテーマ（ＦＦ４）
3574	715	0	悠久の風
3575	715	0	ギルバートのリュート
3576	716	1	１９８７－１９９４
3577	716	0	１９８６－１９９３
3578	716	0	１９８８－１９９５
3579	716	0	１９８８－１９９４
3580	716	0	１９８９－１９９３
3581	717	1	３枚
3582	717	0	２枚
3583	717	0	４枚
3584	717	0	５枚
3585	717	0	６枚
3586	718	1	だいかいしょう
3587	718	0	おおうなばら
3588	718	0	たいかいさい
3589	718	0	だいかいさい
3590	718	0	だいかいしゃ・
3591	719	1	こだいびと
3592	719	0	こだひと
3593	719	0	こだいと
3594	719	0	こしろじん
3595	719	0	ふるかわりひと
3596	720	1	どうし
3597	720	0	どうじ
3598	720	0	とうし
3599	720	0	みちびきし
3600	720	0	そんし
3601	721	1	ひりゅう
3602	721	0	とびたつ
3603	721	0	ひたつ
3604	721	0	とびりゅう
3605	721	0	とびしょく
3606	722	1	しんでん
3607	722	0	かみどの
3608	722	0	じんてん
3609	722	0	かみでん
3610	722	0	しんどの
3611	723	1	だっしゅつ
3612	723	0	だしゅつ
3613	723	0	だしつ
3614	723	0	だっしつ
3615	723	0	だしゅっつ
3616	724	1	あま
3617	724	0	うめ
3618	724	0	うみにょ
3619	724	0	かいじょ
3620	724	0	うみめ
3621	725	1	飛空艇
3622	725	0	飛空船
3623	725	0	非空挺
3624	725	0	飛空挺
3625	725	0	飛空亭
3626	726	1	竜騎士
3627	726	0	竜岸
3628	726	0	隆起師
3629	726	0	竜棋士
3630	726	0	竜貴誌
3631	727	1	魔道士
3632	727	0	窓牛
3633	727	0	魔動詞
3634	727	0	魔同士
3635	727	0	魔術士
3636	728	1	手裏剣
3637	728	0	主利・
3638	728	0	手表剣
3639	728	0	首里剣
3640	728	0	滋賀県
3641	729	1	聖剣
3642	729	0	制剣
3643	729	0	清剣
3644	729	0	政剣
3645	729	0	世意見
3646	730	1	人魚
3647	730	0	任魚
3648	730	0	忍魚
3649	730	0	仁魚
3650	730	0	人漁
3651	731	1	魔剣士
3652	731	0	馬剣士
3653	731	0	魔検士
3654	731	0	摩剣士
3655	731	0	魔剣土
3656	732	1	ＦＦ２
3657	732	0	ＦＦ１
3658	732	0	ＦＦ３
3659	732	0	ＦＦ４
3660	732	0	聖剣伝説
3661	733	1	ＦＦ３
3662	733	0	ＦＦ１
3663	733	0	ＦＦ２
3664	733	0	ＦＦ４
3665	733	0	ＦＦ５
3666	734	1	植松伸夫
3667	734	0	伊藤賢治
3668	734	0	菊田裕樹
3669	734	0	笹井隆司
3670	734	0	川上泰広
3671	735	1	雷
3672	735	0	火
3673	735	0	土
3674	735	0	風
3675	735	0	水
3676	736	1	ギル
3677	736	0	キル
3678	736	0	ドル
3679	736	0	サル
3680	736	0	ルク
3681	737	1	１９８９
3682	737	0	１９８８
3683	737	0	１９９０
3684	737	0	１９９１
3685	737	0	１９９２
3686	738	1	槍
3687	738	0	剣
3688	738	0	杖
3689	738	0	斧
3690	738	0	短剣
3691	739	1	斧
3692	739	0	剣
3693	739	0	杖
3694	739	0	槍
3695	739	0	短剣
3696	740	1	短剣
3697	740	0	剣
3698	740	0	杖
3699	740	0	斧
3700	740	0	槍
3701	741	1	杖
3702	741	0	剣
3703	741	0	槍
3704	741	0	斧
3705	741	0	短剣
3706	742	1	槍
3707	742	0	剣
3708	742	0	杖
3709	742	0	斧
3710	742	0	短剣
3711	743	1	剣
3712	743	0	槍
3713	743	0	杖
3714	743	0	斧
3715	743	0	短剣
3716	744	1	短剣
3717	744	0	剣
3718	744	0	杖
3719	744	0	斧
3720	744	0	槍
3721	745	1	剣
3722	745	0	槍
3723	745	0	杖
3724	745	0	斧
3725	745	0	短剣
3726	746	1	槍
3727	746	0	剣
3728	746	0	杖
3729	746	0	斧
3730	746	0	短剣
3731	747	1	剣
3732	747	0	槍
3733	747	0	杖
3734	747	0	斧
3735	747	0	短剣
3736	748	1	斧
3737	748	0	剣
3738	748	0	杖
3739	748	0	槍
3740	748	0	短剣
3741	749	1	杖
3742	749	0	剣
3743	749	0	槍
3744	749	0	斧
3745	749	0	短剣
3746	750	1	ＦＦ４
3747	750	0	ＦＦ３
3748	750	0	ＦＦ５
3749	750	0	ＦＦ６
3750	750	0	ＦＦ７
3751	751	1	ＦＦ１・２
3752	751	0	ＦＦ１・２・３
3753	751	0	ＦＦ１・４
3754	751	0	ＦＦ５・６
3755	751	0	ＦＦ７・８
3756	752	1	ＦＦ２
3757	752	0	ＦＦ１
3758	752	0	ＦＦ３
3759	752	0	ＦＦ４
3760	752	0	ＦＦ５
3761	753	1	ＦＦタクティクス
3762	753	0	ＦＦ４
3763	753	0	ＦＦ７
3764	753	0	サガ　フロンティア
3765	753	0	ＴＯＢＡＬ２
3766	754	1	Ｇ兵衛
3767	754	0	Ｃ兵衛
3768	754	0	Ｑ兵衛
3769	754	0	とん兵衛
3770	754	0	デジ球部
3771	755	1	ＦＦ４
3772	755	0	ＦＦ２
3773	755	0	ＦＦ３
3774	755	0	ＦＦ５
3775	755	0	ＦＦ６
3776	756	1	シナリオ重視／システム重視
3777	756	0	システム重視／戦闘重視
3778	756	0	戦闘重視／シナリオ重視
3779	756	0	グラフィック重視／音楽重視
3780	756	0	アクションゲーム／ＲＰＧ
3781	757	1	ＦＦ４
3782	757	0	ＦＦ１
3783	757	0	ＦＦ３
3784	757	0	ＦＦ６
3785	757	0	ＦＦ７
3786	758	1	武市智行
3787	758	0	坂口博信
3788	758	0	水野哲夫
3789	758	0	宮本　茂
3790	758	0	植松伸夫
3791	759	1	９００万本
3792	759	0	６００万本
3793	759	0	７００万本
3794	759	0	８００万本
3795	759	0	１０００万本
3796	760	1	５回
3797	760	0	１回
3798	760	0	２回
3799	760	0	３回
3800	760	0	４回
3801	761	1	ＦＦＩＶ
3802	761	0	ＦＦＩＩ
3803	761	0	ＦＦＩＩＩ
3804	761	0	ＦＦＶ
3805	761	0	ＦＦＶＩ
3806	762	1	ＡＱＵＥＳ
3807	762	0	ＳＱＵＡＲＥ
3808	762	0	ＳＴＩＮＧ
3809	762	0	ＤｒｅａｍＦａｃｔｏｒｙ
3810	762	0	ＡＱＵＡＲＩＵＳ
3811	763	1	クラウン
3812	763	0	Ｇ
3813	763	0	ラグ
3814	763	0	ギル
3815	763	0	オーラム
3816	764	1	Ｇ
3817	764	0	ケロ
3818	764	0	ルク
3819	764	0	ギル
3820	764	0	ピロー
3821	765	1	ミスティックアーク
3822	765	0	ルドラの秘宝
3823	765	0	バハムートラグーン
3824	765	0	トレジャーハンターＧ
3825	765	0	ガンハザード
3826	766	1	ルク
3827	766	0	Ｇｉｖ
3828	766	0	ケロ
3829	766	0	ギル
3830	766	0	オーラム
3831	767	1	ファイナルファンタジーＩＶ
3832	767	0	ロマンシングサガ
3833	767	0	ＦＦ外伝　聖剣伝説
3834	767	0	ルドラの秘宝
3835	767	0	クロノトリガー
3836	768	1	ルドラの秘宝
3837	768	0	バハムートラグーン
3838	768	0	ロマンシングサガ２
3839	768	0	聖剣伝説３
3840	768	0	魔界塔士ＳａＧａ
3841	769	1	キャット・シー
3842	769	0	フェニックス
3843	769	0	チョコボ
3844	769	0	キリン
3845	769	0	セイレーン
3846	770	1	死亡
3847	770	0	麻痺
3848	770	0	沈黙
3849	770	0	カッパ
3850	770	0	石化
3851	771	1	フレアガ
3852	771	0	グラビガ
3853	771	0	ブレクガ
3854	771	0	スロウガ
3855	771	0	ヘイスガ
3856	772	1	６月１３日
3857	772	0	１月３１日
3858	772	0	７月１１日
3859	772	0	３月２１日
3860	772	0	４月２５日
3861	773	1	タクティクス
3862	773	0	タクティカル
3863	773	0	タコティパス
3864	773	0	タクティック
3865	773	0	サード
3866	774	1	ルグリア
3867	774	0	ベオルブ
3868	774	0	ハイラル
3869	774	0	ラーグ
3870	774	0	ゴルターナ
3871	775	1	サジタリウス
3872	775	0	キャンサ
3873	775	0	アリウス
3874	775	0	スコーピオン
3875	775	0	ヴァルコ
3876	776	1	超究武神覇斬
3877	776	0	ブレイバー
3878	776	0	クライムハザード
3879	776	0	メテオレイン
3880	776	0	凶斬り
3881	777	1	ちりじらでんかざりつるぎ
3882	777	0	じんちらでんかざりつるぎ
3883	777	0	ちりじらさいしょくつるぎ
3884	777	0	じんちらさいしょくつるぎ
3885	777	0	じんちらさいかざりけん
3886	778	1	白養魔法
3887	778	0	暗魔術
3888	778	0	聖剣技
3889	778	0	魔人召喚
3890	778	0	暗黒剣
3891	779	1	ヨルムガンド
3892	779	0	クリュプス
3893	779	0	フェアリー
3894	779	0	リッチ
3895	779	0	サラマンダー
3896	780	1	黄マテリア
3897	780	0	黒マテリア
3898	780	0	白マテリア
3899	780	0	赤マテリア
3900	780	0	青マテリア
3901	781	1	ナイト
3902	781	0	陰陽士
3903	781	0	話術士
3904	781	0	時魔道士
3905	781	0	召喚士
3906	782	1	話術士
3907	782	0	算術士
3908	782	0	見習い戦士
3909	782	0	アイテム士
3910	782	0	竜騎士
3911	783	1	陰陽士
3912	783	0	時魔道士
3913	783	0	黒魔道士
3914	783	0	弓使い
3915	783	0	シーフ
3916	784	1	１００
3917	784	0	１０
3918	784	0	５０
3919	784	0	５００
3920	784	0	１０００
3921	785	1	４０
3922	785	0	５０
3923	785	0	６０
3924	785	0	７０
3925	785	0	０
3926	786	1	たまねぎ剣士
3927	786	0	ソルジャー
3928	786	0	ドラグナー
3929	786	0	吟遊詩人
3930	786	0	ものまね士
3931	787	1	エーテルターボ
3932	787	0	エーテル
3933	787	0	ハイエーテル
3934	787	0	エクスポーション
3935	787	0	エリクサー
3936	788	1	チャージ＋２０
3937	788	0	チャージ＋８
3938	788	0	チャージ＋１１
3939	788	0	チャージ＋１２
3940	788	0	チャージ＋１５
3941	789	1	ケアルダ
3942	789	0	ケアル
3943	789	0	ケアルラ
3944	789	0	ケアルガ
3945	789	0	ケアルジャ
3946	790	1	源氏の剣
3947	790	0	源氏の盾
3948	790	0	源氏の兜
3949	790	0	源氏の鎧
3950	790	0	源氏の小手
3951	791	1	おどれっ
3952	791	0	うたえっ
3953	791	0	うごけっ
3954	791	0	中間になれっ
3955	791	0	なんかくれっ
3956	792	1	ダーラボン
3957	792	0	ダーラポン
3958	792	0	ダーラホン
3959	792	0	ターラボン
3960	792	0	ダーラポソ
3961	793	1	ガフ・ガフガリオン
3962	793	0	ギフ・ガフガリオン
3963	793	0	クフ・ガフガリオン
3964	793	0	コフ・ガフガリオン
3965	793	0	ゲフ・ガフガリオン
3966	794	1	ベスロディオ
3967	794	0	スペタディオ
3968	794	0	タスベディオ
3969	794	0	ペペロディオ
3970	794	0	ベスタディオ
3971	795	1	リーブラ
3972	795	0	アクエリアス
3973	795	0	カプリコーン
3974	795	0	スコーピオ
3975	795	0	ジェミニ
3976	796	1	超究武神覇斬
3977	796	0	桜華狂咲
3978	796	0	Ｍｏｖｅ＋１
3979	796	0	斧装備可能
3980	796	0	反撃タックル
3981	797	1	オルランドゥとオーラン
3982	797	0	ラムザとバルバネス
3983	797	0	ダイスダーグとアルマ
3984	797	0	ラファとマラーク
3985	797	0	イズルードとメリアドール
3986	798	1	まじゅう使い
3987	798	0	商談
3988	798	0	解法
3989	798	0	ほめる
3990	798	0	ダーラボンのまね
3991	799	1	７月１１日
3992	799	0	６月１３日
3993	799	0	１月３１日
3994	799	0	３月２１日
3995	799	0	４月２５日
3996	800	1	金獅子姫
3997	800	0	白獅子姫
3998	800	0	黒獅子姫
3999	800	0	銀獅子姫
4000	800	0	銅獅子姫
